freq	gain_db	phase_deg
1.000000e-03	26.0261	89.2073
1.122018e-03	27.0259	89.1105
1.258925e-03	28.0256	89.0020
1.412538e-03	29.0253	88.8803
1.584893e-03	30.0249	88.7437
1.778279e-03	31.0243	88.5905
1.995262e-03	32.0237	88.4186
2.238721e-03	33.0228	88.2257
2.511886e-03	34.0217	88.0094
2.818383e-03	35.0204	87.7667
3.162278e-03	36.0187	87.4945
3.548134e-03	37.0165	87.1893
3.981072e-03	38.0138	86.8470
4.466836e-03	39.0104	86.4632
5.011872e-03	40.0062	86.0329
5.623413e-03	41.0008	85.5507
6.309573e-03	41.9941	85.0104
7.079458e-03	42.9856	84.4052
7.943282e-03	43.9749	83.7277
8.912509e-03	44.9615	82.9696
1.000000e-02	45.9448	82.1219
1.122018e-02	46.9237	81.1749
1.258925e-02	47.8974	80.1181
1.412538e-02	48.8645	78.9405
1.584893e-02	49.8234	77.6302
1.778279e-02	50.7722	76.1757
1.995262e-02	51.7086	74.5650
2.238721e-02	52.6298	72.7870
2.511886e-02	53.5326	70.8321
2.818383e-02	54.4133	68.6924
3.162278e-02	55.2676	66.3636
3.548134e-02	56.0908	63.8457
3.981072e-02	56.8781	61.1442
4.466836e-02	57.6242	58.2712
5.011872e-02	58.3244	55.2462
5.623413e-02	58.9743	52.0965
6.309573e-02	59.5701	48.8558
7.079458e-02	60.1096	45.5636
7.943282e-02	60.5917	42.2624
8.912509e-02	61.0168	38.9955
1.000000e-01	61.3869	35.8037
1.122018e-01	61.7051	32.7231
1.258925e-01	61.9757	29.7835
1.412538e-01	62.2032	27.0071
1.584893e-01	62.3929	24.4087
1.778279e-01	62.5497	21.9961
1.995262e-01	62.6785	19.7710
2.238721e-01	62.7835	17.7303
2.511886e-01	62.8688	15.8672
2.818383e-01	62.9377	14.1724
3.162278e-01	62.9933	12.6348
3.548134e-01	63.0379	11.2426
3.981072e-01	63.0736	9.9834
4.466836e-01	63.1023	8.8451
5.011872e-01	63.1251	7.8159
5.623413e-01	63.1433	6.8845
6.309573e-01	63.1578	6.0402
7.079458e-01	63.1693	5.2730
7.943282e-01	63.1785	4.5737
8.912509e-01	63.1857	3.9335
1.000000e+00	63.1914	3.3445
1.122018e+00	63.1958	2.7990
1.258925e+00	63.1992	2.2902
1.412538e+00	63.2018	1.8114
1.584893e+00	63.2038	1.3563
1.778279e+00	63.2051	0.9191
1.995262e+00	63.2059	0.4940
2.238721e+00	63.2062	0.0754
2.511886e+00	63.2060	-0.3423
2.818383e+00	63.2054	-0.7644
3.162278e+00	63.2043	-1.1966
3.548134e+00	63.2026	-1.6445
3.981072e+00	63.2003	-2.1140
4.466836e+00	63.1972	-2.6113
5.011872e+00	63.1932	-3.1427
5.623413e+00	63.1880	-3.7152
6.309573e+00	63.1814	-4.3360
7.079458e+00	63.1730	-5.0130
7.943282e+00	63.1625	-5.7547
8.912509e+00	63.1492	-6.5700
1.000000e+01	63.1324	-7.4688
1.122018e+01	63.1115	-8.4615
1.258925e+01	63.0852	-9.5592
1.412538e+01	63.0523	-10.7735
1.584893e+01	63.0112	-12.1165
1.778279e+01	62.9600	-13.6006
1.995262e+01	62.8964	-15.2377
2.238721e+01	62.8176	-17.0395
2.511886e+01	62.7205	-19.0161
2.818383e+01	62.6011	-21.1753
3.162278e+01	62.4554	-23.5218
3.548134e+01	62.2787	-26.0560
3.981072e+01	62.0659	-28.7725
4.466836e+01	61.8121	-31.6593
5.011872e+01	61.5123	-34.6972
5.623413e+01	61.1621	-37.8591
6.309573e+01	60.7580	-41.1113
7.079458e+01	60.2975	-44.4147
7.943282e+01	59.7795	-47.7266
8.912509e+01	59.2046	-51.0041
1.000000e+02	58.5747	-54.2066
1.122018e+02	57.8929	-57.2980
1.258925e+02	57.1635	-60.2486
1.412538e+02	56.3911	-63.0365
1.584893e+02	55.5807	-65.6469
1.778279e+02	54.7375	-68.0723
1.995262e+02	53.8663	-70.3111
2.238721e+02	52.9713	-72.3665
2.511886e+02	52.0566	-74.2457
2.818383e+02	51.1255	-75.9580
3.162278e+02	50.1810	-77.5149
3.548134e+02	49.2257	-78.9284
3.981072e+02	48.2614	-80.2111
4.466836e+02	47.2900	-81.3755
5.011872e+02	46.3128	-82.4337
5.623413e+02	45.3310	-83.3975
6.309573e+02	44.3455	-84.2779
7.079458e+02	43.3570	-85.0853
7.943282e+02	42.3661	-85.8297
8.912509e+02	41.3733	-86.5203
1.000000e+03	40.3789	-87.1658
1.122018e+03	39.3833	-87.7745
1.258925e+03	38.3866	-88.3541
1.412538e+03	37.3891	-88.9123
1.584893e+03	36.3909	-89.4563
1.778279e+03	35.3920	-89.9932
1.995262e+03	34.3926	-90.5302
2.238721e+03	33.3927	-91.0743
2.511886e+03	32.3922	-91.6326
2.818383e+03	31.3911	-92.2125
3.162278e+03	30.3895	-92.8217
3.548134e+03	29.3871	-93.4682
3.981072e+03	28.3839	-94.1604
4.466836e+03	27.3797	-94.9075
5.011872e+03	26.3743	-95.7192
5.623413e+03	25.3674	-96.6060
6.309573e+03	24.3586	-97.5794
7.079458e+03	23.3475	-98.6519
7.943282e+03	22.3335	-99.8371
8.912509e+03	21.3159	-101.1499
1.000000e+04	20.2937	-102.6064
1.122018e+04	19.2658	-104.2244
1.258925e+04	18.2309	-106.0229
1.412538e+04	17.1870	-108.0225
1.584893e+04	16.1322	-110.2451
1.778279e+04	15.0637	-112.7139
1.995262e+04	13.9782	-115.4530
2.238721e+04	12.8719	-118.4865
2.511886e+04	11.7401	-121.8386
2.818383e+04	10.5771	-125.5316
3.162278e+04	9.3766	-129.5852
3.548134e+04	8.1310	-134.0146
3.981072e+04	6.8320	-138.8284
4.466836e+04	5.4707	-144.0267
5.011872e+04	4.0375	-149.5989
5.623413e+04	2.5227	-155.5219
6.309573e+04	0.9174	-161.7592
7.079458e+04	-0.7867	-168.2613
7.943282e+04	-2.5960	-174.9662
8.912509e+04	-4.5147	178.1967
1.000000e+05	-6.5445	171.3033
