time	vout	vin
0.000000000000000e+000	7.213645e-004	0.000000e+000
1.497965671920351e-004	7.325568e-004	1.532419e-007
2.995931343840702e-004	7.572894e-004	3.064838e-007
4.493897015761054e-004	7.955621e-004	4.597256e-007
5.991862687681405e-004	8.473749e-004	6.129675e-007
7.489828359601756e-004	9.127280e-004	7.662094e-007
8.987794031522108e-004	9.916212e-004	9.194513e-007
1.048575970344245e-003	1.084055e-003	1.072693e-006
2.025138470344245e-003	1.812005e-003	2.071717e-006
3.001700970344245e-003	2.765401e-003	3.070740e-006
3.978263470344245e-003	3.897208e-003	4.069764e-006
4.954825970344245e-003	5.142384e-003	5.068787e-006
5.931388470344245e-003	6.459513e-003	6.067810e-006
6.907950970344245e-003	7.822225e-003	7.066834e-006
7.884513470344245e-003	9.213728e-003	8.065857e-006
8.861075970344245e-003	1.062269e-002	9.064881e-006
9.563079669413515e-003	1.164273e-002	9.783031e-006
1.026229290312446e-002	1.266196e-002	1.048613e-005
1.061201677395707e-002	1.316890e-002	1.082763e-005
1.131146451562229e-002	1.417659e-002	1.151064e-005
1.228802701562229e-002	1.557424e-002	1.246426e-005
1.326458951562229e-002	1.696359e-002	1.341787e-005
1.424115201562229e-002	1.834669e-002	1.437149e-005
1.521771451562229e-002	1.972560e-002	1.532510e-005
1.619427701562229e-002	2.110161e-002	1.627871e-005
1.717083951562229e-002	2.247556e-002	1.723233e-005
1.814740201562229e-002	2.384797e-002	1.818594e-005
1.912396451562229e-002	2.521921e-002	1.913955e-005
2.000000000000000e-002	2.644862e-002	1.999500e-005
2.068359375000000e-002	2.751984e-002	2.110755e-005
2.146484375000000e-002	2.891127e-002	2.237903e-005
2.244140625000000e-002	3.080673e-002	2.396839e-005
2.341796875000000e-002	3.283552e-002	2.555774e-005
2.439453125000000e-002	3.495736e-002	2.714710e-005
2.537109375000000e-002	3.713806e-002	2.873645e-005
2.634765625000000e-002	3.935589e-002	3.032581e-005
2.732421875000000e-002	4.159698e-002	3.191517e-005
2.830078125000000e-002	4.385252e-002	3.350452e-005
2.927734375000000e-002	4.611648e-002	3.509388e-005
2.966517409146978e-002	4.695526e-002	3.580966e-005
3.005300443293957e-002	4.792335e-002	3.670457e-005
3.044083477440935e-002	4.902073e-002	3.777861e-005
3.082866511587913e-002	5.024741e-002	3.903178e-005
3.121649545734892e-002	5.160340e-002	4.046409e-005
3.160432579881870e-002	5.308868e-002	4.207552e-005
3.199215614028848e-002	5.470327e-002	4.386609e-005
3.296871864028848e-002	5.899848e-002	4.758972e-005
3.394528114028848e-002	6.368090e-002	5.131336e-005
3.492184364028848e-002	6.860899e-002	5.503699e-005
3.589840614028848e-002	7.369266e-002	5.876062e-005
3.687496864028848e-002	7.887451e-002	6.248426e-005
3.785153114028848e-002	8.411804e-002	6.620789e-005
3.882809364028848e-002	8.939996e-002	6.993152e-005
3.980465614028848e-002	9.470293e-002	7.365515e-005
4.029296875000001e-002	9.728494e-002	7.494492e-005
4.068359375000000e-002	9.915399e-002	7.567149e-005
4.146484375000000e-002	1.025274e-001	7.712461e-005
4.244140625000000e-002	1.062773e-001	7.894102e-005
4.341796875000000e-002	1.096275e-001	8.075743e-005
4.439453125000000e-002	1.126973e-001	8.257383e-005
4.537109375000000e-002	1.155882e-001	8.439023e-005
4.634765625000000e-002	1.183648e-001	8.620664e-005
4.732421875000000e-002	1.210682e-001	8.802304e-005
4.830078125000000e-002	1.237246e-001	8.983945e-005
4.927734375000000e-002	1.263522e-001	9.165586e-005
4.994419194861264e-002	1.281317e-001	9.289620e-005
5.061104014722528e-002	1.299070e-001	9.413653e-005
5.127788834583792e-002	1.316782e-001	9.537687e-005
5.194473654445056e-002	1.334453e-001	9.661721e-005
5.261158474306320e-002	1.352081e-001	9.785755e-005
5.327843294167584e-002	1.369669e-001	9.909788e-005
5.394528114028848e-002	1.387214e-001	1.003382e-004
5.492184364028848e-002	1.412934e-001	1.021546e-004
5.589840614028848e-002	1.438629e-001	1.039710e-004
5.687496864028848e-002	1.464303e-001	1.057874e-004
5.785153114028848e-002	1.489960e-001	1.076038e-004
5.882809364028848e-002	1.515603e-001	1.094203e-004
5.980465614028848e-002	1.541234e-001	1.112367e-004
6.029296875000000e-002	1.553678e-001	1.118725e-004
6.068359375000000e-002	1.562681e-001	1.122357e-004
6.146484375000000e-002	1.578931e-001	1.129623e-004
6.244140625000000e-002	1.596995e-001	1.138705e-004
6.341796875000000e-002	1.613134e-001	1.147787e-004
6.439453125000000e-002	1.627922e-001	1.156869e-004
6.537109375000000e-002	1.641849e-001	1.165951e-004
6.634765625000000e-002	1.655225e-001	1.175033e-004
6.732421875000000e-002	1.668248e-001	1.184115e-004
6.830078125000000e-002	1.681045e-001	1.193197e-004
6.927734375000000e-002	1.693704e-001	1.202279e-004
6.966517409146979e-002	1.699493e-001	1.204806e-004
7.005300443293956e-002	1.703628e-001	1.205047e-004
7.044083477440935e-002	1.706107e-001	1.203000e-004
7.082866511587914e-002	1.706931e-001	1.198667e-004
7.121649545734893e-002	1.706100e-001	1.192047e-004
7.160432579881870e-002	1.703615e-001	1.183140e-004
7.199215614028849e-002	1.699474e-001	1.171946e-004
7.296871864028849e-002	1.686108e-001	1.153782e-004
7.394528114028849e-002	1.667778e-001	1.135618e-004
7.492184364028849e-002	1.646293e-001	1.117454e-004
7.589840614028849e-002	1.622803e-001	1.099290e-004
7.687496864028849e-002	1.598040e-001	1.081126e-004
7.785153114028849e-002	1.572471e-001	1.062962e-004
7.882809364028849e-002	1.546394e-001	1.044797e-004
7.980465614028849e-002	1.520033e-001	1.026633e-004
8.029296875000000e-002	1.506381e-001	1.014826e-004
8.068359375000000e-002	1.494475e-001	1.003928e-004
8.146484375000000e-002	1.468866e-001	9.821309e-005
8.244140625000000e-002	1.434558e-001	9.548847e-005
8.341796875000000e-002	1.398290e-001	9.276387e-005
8.439453125000000e-002	1.360655e-001	9.003926e-005
8.537109375000000e-002	1.322156e-001	8.731465e-005
8.634765625000000e-002	1.283114e-001	8.459004e-005
8.732421875000000e-002	1.243732e-001	8.186543e-005
8.830078125000000e-002	1.204140e-001	7.914082e-005
8.927734375000000e-002	1.164427e-001	7.641621e-005
8.994419194861264e-002	1.137014e-001	7.431155e-005
9.061104014722528e-002	1.108313e-001	7.211355e-005
9.127788834583792e-002	1.078324e-001	6.982222e-005
9.194473654445057e-002	1.047047e-001	6.743756e-005
9.261158474306321e-002	1.014481e-001	6.495956e-005
9.327843294167584e-002	9.806278e-002	6.238823e-005
9.394528114028848e-002	9.454862e-002	5.972356e-005
9.492184364028848e-002	8.943428e-002	5.609074e-005
9.589840614028848e-002	8.425459e-002	5.245793e-005
9.687496864028848e-002	7.903414e-002	4.882512e-005
9.785153114028848e-002	7.378860e-002	4.519230e-005
9.882809364028848e-002	6.852793e-002	4.155949e-005
9.980465614028848e-002	6.325930e-002	3.792668e-005
1.002929687500000e-001	6.062221e-002	3.611016e-005
1.006835937500000e-001	5.851192e-002	3.465703e-005
1.014648437500000e-001	5.429072e-002	3.175078e-005
1.024414062500000e-001	4.901383e-002	2.811797e-005
1.034179687500000e-001	4.373726e-002	2.448516e-005
1.043945312500000e-001	3.846169e-002	2.085234e-005
1.053710937500000e-001	3.318759e-002	1.721953e-005
1.063476562500000e-001	2.791530e-002	1.358672e-005
1.073242187500000e-001	2.264499e-002	9.953907e-006
1.083007812500000e-001	1.737681e-002	6.321094e-006
1.092773437500000e-001	1.211060e-002	2.688281e-006
1.094482865998288e-001	1.116214e-002	1.938214e-006
1.096192294496575e-001	1.023042e-002	1.268179e-006
1.097901722994863e-001	9.315443e-003	6.781739e-007
1.099611151493150e-001	8.417199e-003	1.682001e-007
1.101320579991438e-001	7.535693e-003	-2.617427e-007
1.103030008489725e-001	6.670925e-003	-6.116545e-007
1.104739436988013e-001	5.822894e-003	-8.815353e-007
1.110155936402885e-001	3.375165e-003	-1.889004e-006
1.119921561402885e-001	-5.843143e-004	-3.705410e-006
1.129687186402885e-001	-4.122029e-003	-5.521817e-006
1.139452811402885e-001	-7.328015e-003	-7.338223e-006
1.149218436402885e-001	-1.032235e-002	-9.154629e-006
1.158984061402885e-001	-1.318151e-002	-1.097104e-005
1.168749686402885e-001	-1.595416e-002	-1.278744e-005
1.178515311402885e-001	-1.867131e-002	-1.460385e-005
1.188280936402885e-001	-2.135269e-002	-1.642025e-005
1.198046561402885e-001	-2.401367e-002	-1.823666e-005
1.202929687500000e-001	-2.529978e-002	-1.887246e-005
1.206835937500000e-001	-2.623082e-002	-1.923574e-005
1.214648437500000e-001	-2.791381e-002	-1.996230e-005
1.224414062500000e-001	-2.978826e-002	-2.087051e-005
1.234179687500000e-001	-3.146639e-002	-2.177871e-005
1.243945312500000e-001	-3.300684e-002	-2.268691e-005
1.253710937500000e-001	-3.445941e-002	-2.359512e-005
1.263476562500000e-001	-3.585582e-002	-2.450332e-005
1.273242187500000e-001	-3.721626e-002	-2.541152e-005
1.283007812500000e-001	-3.855359e-002	-2.631973e-005
1.292773437500000e-001	-3.987679e-002	-2.722793e-005
1.299441919486127e-001	-4.074951e-002	-2.760394e-005
1.306110401472253e-001	-4.149230e-002	-2.788662e-005
1.312778883458379e-001	-4.210516e-002	-2.807597e-005
1.319447365444506e-001	-4.258809e-002	-2.817198e-005
1.326115847430632e-001	-4.294110e-002	-2.817465e-005
1.332784329416759e-001	-4.316418e-002	-2.808399e-005
1.339452811402885e-001	-4.325733e-002	-2.790000e-005
1.349218436402885e-001	-4.342393e-002	-2.790000e-005
1.358984061402885e-001	-4.352285e-002	-2.790000e-005
1.368749686402885e-001	-4.357867e-002	-2.790000e-005
1.378515311402885e-001	-4.360706e-002	-2.790000e-005
1.388280936402885e-001	-4.361799e-002	-2.790000e-005
1.398046561402885e-001	-4.361908e-002	-2.790000e-005
1.402929687500000e-001	-4.365268e-002	-2.817246e-005
1.406835937500000e-001	-4.377297e-002	-2.853574e-005
1.414648437500000e-001	-4.418685e-002	-2.926230e-005
1.424414062500000e-001	-4.492588e-002	-3.017051e-005
1.434179687500000e-001	-4.585440e-002	-3.107871e-005
1.443945312500000e-001	-4.691544e-002	-3.198691e-005
1.453710937500000e-001	-4.806065e-002	-3.289512e-005
1.463476562500000e-001	-4.925925e-002	-3.380332e-005
1.473242187500000e-001	-5.049163e-002	-3.471152e-005
1.483007812500000e-001	-5.174531e-002	-3.561973e-005
1.492773437500000e-001	-5.301169e-002	-3.652793e-005
1.499441919486126e-001	-5.388280e-002	-3.714810e-005
1.506110401472253e-001	-5.475536e-002	-3.776827e-005
1.512778883458379e-001	-5.562936e-002	-3.838843e-005
1.519447365444506e-001	-5.650480e-002	-3.900860e-005
1.526115847430632e-001	-5.738168e-002	-3.962877e-005
1.532784329416758e-001	-5.826000e-002	-4.024894e-005
1.539452811402885e-001	-5.913976e-002	-4.086911e-005
1.549218436402885e-001	-6.042609e-002	-4.177732e-005
1.558984061402885e-001	-6.171251e-002	-4.268552e-005
1.568749686402885e-001	-6.299878e-002	-4.359372e-005
1.578515311402885e-001	-6.428474e-002	-4.450193e-005
1.588280936402885e-001	-6.557031e-002	-4.541013e-005
1.598046561402885e-001	-6.685551e-002	-4.631833e-005
1.602929687500000e-001	-6.749792e-002	-4.677246e-005
1.606835937500000e-001	-6.801170e-002	-4.713574e-005
1.614648437500000e-001	-6.903898e-002	-4.786230e-005
1.624414062500000e-001	-7.032265e-002	-4.877051e-005
1.634179687500000e-001	-7.160579e-002	-4.967871e-005
1.643945312500000e-001	-7.288838e-002	-5.058691e-005
1.653710937500000e-001	-7.417041e-002	-5.149512e-005
1.663476562500000e-001	-7.545188e-002	-5.240332e-005
1.673242187500000e-001	-7.673278e-002	-5.331152e-005
1.683007812500000e-001	-7.801311e-002	-5.421973e-005
1.692773437500000e-001	-7.929293e-002	-5.512793e-005
1.699441919486127e-001	-8.016652e-002	-5.574810e-005
1.706110401472253e-001	-8.103984e-002	-5.636827e-005
1.712778883458379e-001	-8.191288e-002	-5.698843e-005
1.719447365444506e-001	-8.278564e-002	-5.760860e-005
1.726115847430632e-001	-8.365813e-002	-5.822877e-005
1.732784329416758e-001	-8.453035e-002	-5.884894e-005
1.739452811402885e-001	-8.540229e-002	-5.946911e-005
1.749218436402885e-001	-8.667878e-002	-6.037732e-005
1.758984061402885e-001	-8.795470e-002	-6.128551e-005
1.768749686402885e-001	-8.923006e-002	-6.219372e-005
1.778515311402885e-001	-9.050485e-002	-6.310192e-005
1.788280936402885e-001	-9.177908e-002	-6.401013e-005
1.798046561402885e-001	-9.305285e-002	-6.491833e-005
1.802929687500000e-001	-9.368952e-002	-6.537246e-005
1.806835937500000e-001	-9.419868e-002	-6.573575e-005
1.814648437500000e-001	-9.521673e-002	-6.646231e-005
1.824414062500000e-001	-9.648883e-002	-6.737051e-005
1.834179687500000e-001	-9.776040e-002	-6.827871e-005
1.843945312500000e-001	-9.903141e-002	-6.918691e-005
1.853710937500000e-001	-1.003018e-001	-7.009512e-005
1.863476562500000e-001	-1.015717e-001	-7.100332e-005
1.873242187500000e-001	-1.028410e-001	-7.191153e-005
1.883007812500000e-001	-1.041098e-001	-7.281973e-005
1.892773437500000e-001	-1.053780e-001	-7.372793e-005
1.899441919486127e-001	-1.062437e-001	-7.434810e-005
1.906110401472253e-001	-1.071091e-001	-7.496826e-005
1.912778883458379e-001	-1.079743e-001	-7.558843e-005
1.919447365444505e-001	-1.088391e-001	-7.620860e-005
1.926115847430632e-001	-1.097037e-001	-7.682877e-005
1.932784329416758e-001	-1.105681e-001	-7.744894e-005
1.939452811402885e-001	-1.114321e-001	-7.806911e-005
1.949218436402885e-001	-1.126970e-001	-7.897731e-005
1.958984061402885e-001	-1.139614e-001	-7.988552e-005
1.968749686402885e-001	-1.152252e-001	-8.079372e-005
1.978515311402885e-001	-1.164885e-001	-8.170192e-005
1.988280936402885e-001	-1.177512e-001	-8.261012e-005
1.998046561402885e-001	-1.190134e-001	-8.351833e-005
2.002929687500000e-001	-1.196443e-001	-8.397246e-005
2.006835937500000e-001	-1.201489e-001	-8.433574e-005
2.014648437500000e-001	-1.211577e-001	-8.506230e-005
2.024414062500000e-001	-1.224183e-001	-8.597051e-005
2.034179687500000e-001	-1.236784e-001	-8.687871e-005
2.043945312500000e-001	-1.249379e-001	-8.778692e-005
2.053710937500000e-001	-1.261968e-001	-8.869512e-005
2.063476562500000e-001	-1.274552e-001	-8.960332e-005
2.073242187500000e-001	-1.287130e-001	-9.051152e-005
2.083007812500000e-001	-1.299703e-001	-9.141973e-005
2.092773437500000e-001	-1.312271e-001	-9.232793e-005
2.099441919486127e-001	-1.321085e-001	-9.319225e-005
2.106110401472253e-001	-1.331175e-001	-9.414991e-005
2.112778883458379e-001	-1.342542e-001	-9.520091e-005
2.119447365444506e-001	-1.355184e-001	-9.634523e-005
2.126115847430632e-001	-1.369103e-001	-9.758289e-005
2.132784329416758e-001	-1.384298e-001	-9.891389e-005
2.139452811402885e-001	-1.400768e-001	-1.003382e-004
2.149218436402885e-001	-1.424595e-001	-1.021546e-004
2.158984061402885e-001	-1.449081e-001	-1.039710e-004
2.168749686402885e-001	-1.473982e-001	-1.057874e-004
2.178515311402885e-001	-1.499143e-001	-1.076038e-004
2.188280936402885e-001	-1.524466e-001	-1.094203e-004
2.198046561402885e-001	-1.549877e-001	-1.112367e-004
2.202929687500000e-001	-1.562614e-001	-1.121449e-004
2.206835937500000e-001	-1.572814e-001	-1.128715e-004
2.214648437500000e-001	-1.593226e-001	-1.143246e-004
2.224414062500000e-001	-1.618754e-001	-1.161410e-004
2.234179687500000e-001	-1.644289e-001	-1.179574e-004
2.243945312500000e-001	-1.669828e-001	-1.197738e-004
2.253710937500000e-001	-1.695363e-001	-1.215902e-004
2.263476562500000e-001	-1.720892e-001	-1.234066e-004
2.273242187500000e-001	-1.746413e-001	-1.252230e-004
2.283007812500000e-001	-1.771925e-001	-1.270395e-004
2.292773437500000e-001	-1.797428e-001	-1.288559e-004
2.299441919486127e-001	-1.814837e-001	-1.300962e-004
2.306110401472253e-001	-1.832241e-001	-1.313365e-004
2.312778883458379e-001	-1.849639e-001	-1.325769e-004
2.319447365444506e-001	-1.867032e-001	-1.338172e-004
2.326115847430632e-001	-1.884420e-001	-1.350575e-004
2.332784329416758e-001	-1.901802e-001	-1.362979e-004
2.339452811402885e-001	-1.919179e-001	-1.375382e-004
2.349218436402885e-001	-1.944618e-001	-1.393546e-004
2.358984061402885e-001	-1.970046e-001	-1.411710e-004
2.368749686402885e-001	-1.995462e-001	-1.429874e-004
2.378515311402885e-001	-2.020868e-001	-1.448039e-004
2.388280936402885e-001	-2.046262e-001	-1.466203e-004
2.398046561402885e-001	-2.071647e-001	-1.484367e-004
2.402929687500000e-001	-2.084703e-001	-1.496174e-004
2.406835937500000e-001	-2.096091e-001	-1.507072e-004
2.414648437500000e-001	-2.120613e-001	-1.528869e-004
2.424414062500000e-001	-2.153496e-001	-1.556115e-004
2.434179687500000e-001	-2.188282e-001	-1.583361e-004
2.443945312500000e-001	-2.224395e-001	-1.610607e-004
2.453710937500000e-001	-2.261348e-001	-1.637854e-004
2.463476562500000e-001	-2.298828e-001	-1.665100e-004
2.473242187500000e-001	-2.336638e-001	-1.692346e-004
2.483007812500000e-001	-2.374653e-001	-1.719592e-004
2.492773437500000e-001	-2.412785e-001	-1.746838e-004
2.499441919486126e-001	-2.439353e-001	-1.770326e-004
2.506110401472253e-001	-2.468487e-001	-1.795681e-004
2.512778883458379e-001	-2.500188e-001	-1.822902e-004
2.519447365444506e-001	-2.534456e-001	-1.851991e-004
2.526115847430632e-001	-2.571291e-001	-1.882946e-004
2.532784329416759e-001	-2.610692e-001	-1.915767e-004
2.539452811402885e-001	-2.652660e-001	-1.950456e-004
2.549218436402885e-001	-2.713512e-001	-1.995866e-004
2.558984061402885e-001	-2.775682e-001	-2.041276e-004
2.568749686402885e-001	-2.838681e-001	-2.086686e-004
2.578515311402885e-001	-2.902197e-001	-2.132096e-004
2.588280936402885e-001	-2.966033e-001	-2.177506e-004
2.598046561402885e-001	-3.030041e-001	-2.222917e-004
2.602929687500000e-001	-3.061740e-001	-2.242898e-004
2.606835937500000e-001	-3.086170e-001	-2.257430e-004
2.614648437500000e-001	-3.133300e-001	-2.286492e-004
2.624414062500000e-001	-3.189995e-001	-2.322820e-004
2.634179687500000e-001	-3.244787e-001	-2.359148e-004
2.643945312500000e-001	-3.298239e-001	-2.395477e-004
2.653710937500000e-001	-3.350830e-001	-2.431805e-004
2.663476562500000e-001	-3.402863e-001	-2.468133e-004
2.673242187500000e-001	-3.454534e-001	-2.504461e-004
2.683007812500000e-001	-3.505965e-001	-2.540789e-004
2.692773437500000e-001	-3.557245e-001	-2.577117e-004
2.699441919486126e-001	-3.591710e-001	-2.597041e-004
2.706110401472253e-001	-3.623590e-001	-2.615098e-004
2.712778883458379e-001	-3.652884e-001	-2.631288e-004
2.719447365444506e-001	-3.679592e-001	-2.645612e-004
2.726115847430632e-001	-3.703715e-001	-2.658069e-004
2.732784329416759e-001	-3.725253e-001	-2.668659e-004
2.739452811402885e-001	-3.744205e-001	-2.677382e-004
2.749218436402885e-001	-3.772537e-001	-2.695546e-004
2.758984061402885e-001	-3.799512e-001	-2.713710e-004
2.768749686402885e-001	-3.825618e-001	-2.731874e-004
2.778515311402885e-001	-3.851167e-001	-2.750038e-004
2.788280936402885e-001	-3.876358e-001	-2.768203e-004
2.798046561402885e-001	-3.901344e-001	-2.786367e-004
2.802929687500000e-001	-3.911925e-001	-2.781826e-004
2.806835937500000e-001	-3.915620e-001	-2.770928e-004
2.814648437500000e-001	-3.914218e-001	-2.749131e-004
2.824414062500000e-001	-3.901217e-001	-2.721885e-004
2.834179687500000e-001	-3.878596e-001	-2.694639e-004
2.843945312500000e-001	-3.849245e-001	-2.667393e-004
2.853710937500000e-001	-3.815615e-001	-2.640146e-004
2.863476562500000e-001	-3.779267e-001	-2.612900e-004
2.873242187500000e-001	-3.741195e-001	-2.585654e-004
2.883007812500000e-001	-3.702033e-001	-2.558408e-004
2.892773437500000e-001	-3.662216e-001	-2.531162e-004
2.900677062426859e-001	-3.629183e-001	-2.500296e-004
2.904739436988013e-001	-3.601481e-001	-2.436069e-004
2.910155936402885e-001	-3.546039e-001	-2.350435e-004
2.919921561402885e-001	-3.414339e-001	-2.196040e-004
2.929687186402885e-001	-3.253171e-001	-2.041646e-004
2.939452811402885e-001	-3.068880e-001	-1.887251e-004
2.949218436402885e-001	-2.869901e-001	-1.732856e-004
2.958984061402885e-001	-2.661607e-001	-1.578462e-004
2.968749686402885e-001	-2.447418e-001	-1.424067e-004
2.978515311402885e-001	-2.229511e-001	-1.269673e-004
2.988280936402885e-001	-2.009272e-001	-1.115278e-004
2.998046561402885e-001	-1.787746e-001	-9.608838e-005
3.000000000000000e-001	-1.743305e-001	-9.300000e-005
3.002604349654203e-001	-1.672945e-001	-7.846773e-005
3.005580749259007e-001	-1.570310e-001	-6.185942e-005
3.011533548468614e-001	-1.317007e-001	-2.864280e-005
3.019053665930951e-001	-9.311263e-002	1.331946e-005
3.026529446838411e-001	-4.854221e-002	5.503431e-005
3.035431988875099e-001	1.045225e-002	1.047105e-004
3.045197613875099e-001	7.984241e-002	1.592027e-004
3.054963238875099e-001	1.525567e-001	2.136949e-004
3.064728863875099e-001	2.274668e-001	2.681871e-004
3.074494488875099e-001	3.037621e-001	3.226793e-004
3.084260113875099e-001	3.809270e-001	3.771714e-004
3.094025738875099e-001	4.586064e-001	4.316636e-004
3.100000000000000e-001	5.062900e-001	4.650000e-004
3.102494959862506e-001	5.286766e-001	4.998047e-004
3.105821573012513e-001	5.636344e-001	5.462110e-004
3.112474799312527e-001	6.464094e-001	6.390234e-004
3.122240424312527e-001	7.882509e-001	7.752539e-004
3.132006049312527e-001	9.481590e-001	9.114844e-004
3.141771674312527e-001	1.121418e+000	1.047715e-003
3.151537299312527e-001	1.303147e+000	1.183945e-003
3.161302924312527e-001	1.490237e+000	1.320176e-003
3.171068549312527e-001	1.680709e+000	1.456406e-003
3.180834174312527e-001	1.873303e+000	1.592637e-003
3.190599799312527e-001	2.067210e+000	1.728867e-003
3.200000000000000e-001	2.254526e+000	1.860000e-003
3.206835937500000e-001	2.370282e+000	1.872715e-003
3.214648437500000e-001	2.471599e+000	1.887246e-003
3.224414062500000e-001	2.569268e+000	1.905410e-003
3.234179687500000e-001	2.642143e+000	1.923574e-003
3.243945312500000e-001	2.697650e+000	1.941738e-003
3.253710937500000e-001	2.742095e+000	1.959902e-003
3.263476562500000e-001	2.779492e+000	1.978067e-003
3.273242187500000e-001	2.812397e+000	1.996231e-003
3.283007812500000e-001	2.842439e+000	2.014395e-003
3.292773437500000e-001	2.870746e+000	2.032559e-003
3.300677062426859e-001	2.892558e+000	2.043166e-003
3.304739436988013e-001	2.898526e+000	2.026165e-003
3.310155936402884e-001	2.897745e+000	2.003497e-003
3.319921561402884e-001	2.881349e+000	1.962628e-003
3.329687186402884e-001	2.851032e+000	1.921759e-003
3.339452811402884e-001	2.809786e+000	1.880890e-003
3.349218436402884e-001	2.761590e+000	1.840021e-003
3.358984061402884e-001	2.708980e+000	1.799152e-003
3.368749686402884e-001	2.653567e+000	1.758283e-003
3.378515311402884e-001	2.596381e+000	1.717413e-003
3.388280936402884e-001	2.538074e+000	1.676544e-003
3.398046561402884e-001	2.479144e+000	1.635675e-003
3.400000000000000e-001	2.467293e+000	1.627500e-003
3.405771009546656e-001	2.416857e+000	1.533577e-003
3.412366449028548e-001	2.334603e+000	1.426236e-003
3.422132074028548e-001	2.183395e+000	1.267300e-003
3.431897699028548e-001	2.006003e+000	1.108365e-003
3.441663324028548e-001	1.809201e+000	9.494294e-004
3.451428949028548e-001	1.600076e+000	7.904939e-004
3.461194574028548e-001	1.383142e+000	6.315583e-004
3.470960199028548e-001	1.161273e+000	4.726227e-004
3.480725824028548e-001	9.362996e-001	3.136872e-004
3.490491449028548e-001	7.094806e-001	1.547517e-004
3.496491449028548e-001	5.694889e-001	5.710167e-005
3.500000000000000e-001	4.874425e-001	0.000000e+000
3.501327763722407e-001	4.573917e-001	-2.469641e-006
3.502834541110558e-001	4.255318e-001	-5.272247e-006
3.505848095886859e-001	3.671804e-001	-1.087746e-005
3.509822987544039e-001	2.987110e-001	-1.827076e-005
3.513702201400223e-001	2.406727e-001	-2.548610e-005
3.517900350741615e-001	1.865040e-001	-3.329465e-005
3.521980040800828e-001	1.410715e-001	-4.088287e-005
3.526632327127585e-001	9.653877e-002	-4.953613e-005
3.531863309119209e-001	5.387464e-002	-5.926576e-005
3.538713763725290e-001	7.117973e-003	-7.200760e-005
3.547496708212675e-001	-4.272777e-002	-8.834388e-005
3.556173486393043e-001	-8.385944e-002	-1.044827e-004
3.565387708958449e-001	-1.210969e-001	-1.216211e-004
3.575153333958449e-001	-1.559628e-001	-1.397852e-004
3.584918958958449e-001	-1.877337e-001	-1.579493e-004
3.594684583958449e-001	-2.176012e-001	-1.761133e-004
3.600000000000000e-001	-2.333133e-001	-1.860000e-004
3.606835937500000e-001	-2.528286e-001	-1.987148e-004
3.614648437500000e-001	-2.747512e-001	-2.132461e-004
3.624414062500000e-001	-3.017961e-001	-2.314102e-004
3.634179687500000e-001	-3.285313e-001	-2.495742e-004
3.643945312500000e-001	-3.550456e-001	-2.677383e-004
3.653710937500000e-001	-3.814152e-001	-2.859024e-004
3.663476562500000e-001	-4.076883e-001	-3.040664e-004
3.673242187500000e-001	-4.338958e-001	-3.222305e-004
3.683007812500000e-001	-4.600573e-001	-3.403945e-004
3.692773437500000e-001	-4.861876e-001	-3.585586e-004
3.700677062426859e-001	-5.072657e-001	-3.723148e-004
3.704739436988013e-001	-5.169551e-001	-3.742038e-004
3.710155936402885e-001	-5.278921e-001	-3.767225e-004
3.719921561402885e-001	-5.442091e-001	-3.812635e-004
3.729687186402885e-001	-5.573647e-001	-3.858045e-004
3.739452811402885e-001	-5.680356e-001	-3.903456e-004
3.749218436402885e-001	-5.771235e-001	-3.948866e-004
3.758984061402885e-001	-5.852022e-001	-3.994276e-004
3.768749686402885e-001	-5.926374e-001	-4.039686e-004
3.778515311402885e-001	-5.996619e-001	-4.085096e-004
3.788280936402885e-001	-6.064238e-001	-4.130506e-004
3.798046561402885e-001	-6.130372e-001	-4.175917e-004
3.800976562500000e-001	-6.148860e-001	-4.175918e-004
3.806835937500000e-001	-6.164557e-001	-4.121426e-004
3.814648437500000e-001	-6.152381e-001	-4.048769e-004
3.824414062500000e-001	-6.103216e-001	-3.957949e-004
3.834179687500000e-001	-6.025028e-001	-3.867129e-004
3.843945312500000e-001	-5.926533e-001	-3.776309e-004
3.853710937500000e-001	-5.815131e-001	-3.685488e-004
3.863476562500000e-001	-5.695531e-001	-3.594668e-004
3.873242187500000e-001	-5.570734e-001	-3.503848e-004
3.883007812500000e-001	-5.442648e-001	-3.413027e-004
3.892773437500000e-001	-5.312594e-001	-3.322207e-004
3.896651740914698e-001	-5.261826e-001	-3.284339e-004
3.900530044329396e-001	-5.208188e-001	-3.242660e-004
3.904408347744093e-001	-5.151679e-001	-3.197169e-004
3.908286651158792e-001	-5.092299e-001	-3.147867e-004
3.912164954573489e-001	-5.030049e-001	-3.094754e-004
3.916043257988187e-001	-4.964928e-001	-3.037830e-004
3.919921561402885e-001	-4.896936e-001	-2.977094e-004
3.929687186402885e-001	-4.720961e-001	-2.840864e-004
3.939452811402885e-001	-4.536560e-001	-2.704633e-004
3.949218436402885e-001	-4.346828e-001	-2.568403e-004
3.958984061402885e-001	-4.153731e-001	-2.432172e-004
3.968749686402885e-001	-3.958526e-001	-2.295942e-004
3.978515311402885e-001	-3.762009e-001	-2.159711e-004
3.988280936402885e-001	-3.564690e-001	-2.023481e-004
3.998046561402885e-001	-3.366939e-001	-1.887250e-004
4.000976562500000e-001	-3.308250e-001	-1.855459e-004
4.006835937500000e-001	-3.204732e-001	-1.828213e-004
4.014648437500000e-001	-3.088489e-001	-1.791885e-004
4.024414062500000e-001	-2.965533e-001	-1.746475e-004
4.034179687500000e-001	-2.861704e-001	-1.701064e-004
4.043945312500000e-001	-2.771280e-001	-1.655654e-004
4.053710937500000e-001	-2.689402e-001	-1.610244e-004
4.063476562500000e-001	-2.612976e-001	-1.564834e-004
4.073242187500000e-001	-2.540033e-001	-1.519424e-004
4.083007812500000e-001	-2.469318e-001	-1.474014e-004
4.092773437500000e-001	-2.399958e-001	-1.428604e-004
4.099441919486127e-001	-2.353287e-001	-1.397595e-004
4.106110401472253e-001	-2.306803e-001	-1.366587e-004
4.112778883458379e-001	-2.260506e-001	-1.335578e-004
4.119447365444505e-001	-2.214397e-001	-1.304570e-004
4.126115847430631e-001	-2.168474e-001	-1.273561e-004
4.132784329416758e-001	-2.122739e-001	-1.242553e-004
4.139452811402884e-001	-2.077190e-001	-1.211544e-004
4.149218436402884e-001	-2.010348e-001	-1.166134e-004
4.158984061402884e-001	-1.943600e-001	-1.120724e-004
4.168749686402884e-001	-1.876925e-001	-1.075314e-004
4.178515311402884e-001	-1.810306e-001	-1.029904e-004
4.188280936402884e-001	-1.743734e-001	-9.844937e-005
4.198046561402884e-001	-1.677195e-001	-9.390835e-005
4.202929687500000e-001	-1.643941e-001	-9.163770e-005
4.206835937500000e-001	-1.617348e-001	-8.982129e-005
4.214648437500000e-001	-1.564178e-001	-8.618848e-005
4.224414062500000e-001	-1.497741e-001	-8.164746e-005
4.234179687500000e-001	-1.431333e-001	-7.710644e-005
4.243945312500000e-001	-1.364957e-001	-7.256543e-005
4.253710937500000e-001	-1.298611e-001	-6.802441e-005
4.263476562500000e-001	-1.232295e-001	-6.348340e-005
4.273242187500000e-001	-1.166009e-001	-5.894238e-005
4.283007812500000e-001	-1.099752e-001	-5.440137e-005
4.292773437500000e-001	-1.033523e-001	-4.986035e-005
4.298046830200412e-001	-9.975565e-002	-4.766629e-005
4.303320222900824e-001	-9.634102e-002	-4.564915e-005
4.308593615601236e-001	-9.310836e-002	-4.380893e-005
4.313867008301648e-001	-9.005767e-002	-4.214563e-005
4.319140401002061e-001	-8.718895e-002	-4.065926e-005
4.324413793702472e-001	-8.450220e-002	-3.934981e-005
4.329687186402885e-001	-8.199742e-002	-3.821728e-005
4.339452811402885e-001	-7.743783e-002	-3.549267e-005
4.349218436402885e-001	-7.309051e-002	-3.276806e-005
4.358984061402885e-001	-6.887897e-002	-3.004345e-005
4.368749686402885e-001	-6.475455e-002	-2.731884e-005
4.378515311402885e-001	-6.068622e-002	-2.459423e-005
4.388280936402885e-001	-5.665426e-002	-2.186962e-005
4.398046561402885e-001	-5.264319e-002	-1.914501e-005
4.402929687500000e-001	-5.071897e-002	-1.832754e-005
4.406835937500000e-001	-4.937240e-002	-1.796426e-005
4.414648437500000e-001	-4.703369e-002	-1.723769e-005
4.424414062500000e-001	-4.456400e-002	-1.632949e-005
4.434179687500000e-001	-4.248261e-002	-1.542129e-005
4.443945312500000e-001	-4.067334e-002	-1.451309e-005
4.453710937500000e-001	-3.903757e-002	-1.360488e-005
4.463476562500000e-001	-3.751248e-002	-1.269668e-005
4.473242187500000e-001	-3.605808e-002	-1.178848e-005
4.483007812500000e-001	-3.464890e-002	-1.088027e-005
4.492773437500000e-001	-3.326722e-002	-9.972070e-006
4.499441919486126e-001	-3.233778e-002	-9.351901e-006
4.506110401472253e-001	-3.141213e-002	-8.731732e-006
4.512778883458379e-001	-3.049027e-002	-8.111564e-006
4.519447365444506e-001	-2.957220e-002	-7.491395e-006
4.526115847430632e-001	-2.865793e-002	-6.871226e-006
4.532784329416759e-001	-2.774744e-002	-6.251057e-006
4.539452811402885e-001	-2.684076e-002	-5.630889e-006
4.549218436402885e-001	-2.551011e-002	-4.722685e-006
4.558984061402885e-001	-2.418140e-002	-3.814482e-006
4.568749686402885e-001	-2.285414e-002	-2.906279e-006
4.578515311402885e-001	-2.152801e-002	-1.998076e-006
4.588280936402885e-001	-2.020282e-002	-1.089873e-006
4.598046561402885e-001	-1.887829e-002	-1.816698e-007
4.602929687500000e-001	-1.825303e-002	0.000000e+000
4.606835937500000e-001	-1.784780e-002	0.000000e+000
4.614648437500000e-001	-1.721273e-002	0.000000e+000
4.624414062500000e-001	-1.664331e-002	0.000000e+000
4.634179687500000e-001	-1.626590e-002	0.000000e+000
4.643945312500000e-001	-1.602296e-002	0.000000e+000
4.653710937500000e-001	-1.586564e-002	0.000000e+000
4.663476562500000e-001	-1.576284e-002	0.000000e+000
4.673242187500000e-001	-1.569475e-002	0.000000e+000
4.683007812500000e-001	-1.564877e-002	0.000000e+000
4.692773437500000e-001	-1.561619e-002	0.000000e+000
4.699004880231846e-001	-1.560059e-002	0.000000e+000
4.705630106960659e-001	-1.558765e-002	0.000000e+000
4.715162998050717e-001	-1.557248e-002	0.000000e+000
4.724928623050717e-001	-1.555967e-002	0.000000e+000
4.734694248050717e-001	-1.554887e-002	0.000000e+000
4.744459873050717e-001	-1.553938e-002	0.000000e+000
4.754225498050717e-001	-1.553071e-002	0.000000e+000
4.763991123050717e-001	-1.552258e-002	0.000000e+000
4.773756748050717e-001	-1.551478e-002	0.000000e+000
4.783522373050717e-001	-1.550720e-002	0.000000e+000
4.793287998050717e-001	-1.549976e-002	0.000000e+000
4.803053623050717e-001	-1.549241e-002	0.000000e+000
4.812819248050717e-001	-1.548512e-002	0.000000e+000
4.822584873050717e-001	-1.547787e-002	0.000000e+000
4.832350498050717e-001	-1.547064e-002	0.000000e+000
4.842116123050717e-001	-1.546343e-002	0.000000e+000
4.851881748050717e-001	-1.545623e-002	0.000000e+000
4.861647373050717e-001	-1.544904e-002	0.000000e+000
4.871412998050717e-001	-1.544186e-002	0.000000e+000
4.881178623050717e-001	-1.543468e-002	0.000000e+000
4.890944248050717e-001	-1.542751e-002	0.000000e+000
4.897390265200050e-001	-1.542278e-002	0.000000e+000
4.905029550714888e-001	-1.541717e-002	0.000000e+000
4.914186424230323e-001	-1.541045e-002	0.000000e+000
4.923952049230323e-001	-1.540329e-002	0.000000e+000
4.933717674230323e-001	-1.539614e-002	0.000000e+000
4.943483299230323e-001	-1.538898e-002	0.000000e+000
4.953248924230323e-001	-1.538184e-002	0.000000e+000
4.963014549230323e-001	-1.537469e-002	0.000000e+000
4.972780174230323e-001	-1.536755e-002	0.000000e+000
4.982545799230323e-001	-1.536040e-002	0.000000e+000
4.992311424230323e-001	-1.535327e-002	0.000000e+000
5.002077049230322e-001	-1.534613e-002	0.000000e+000
5.011842674230322e-001	-1.533900e-002	0.000000e+000
5.021608299230322e-001	-1.533188e-002	0.000000e+000
5.031373924230322e-001	-1.532475e-002	0.000000e+000
5.041139549230322e-001	-1.531763e-002	0.000000e+000
5.050905174230322e-001	-1.531051e-002	0.000000e+000
5.060670799230322e-001	-1.530340e-002	0.000000e+000
5.070436424230322e-001	-1.529629e-002	0.000000e+000
5.080202049230322e-001	-1.528918e-002	0.000000e+000
5.089967674230322e-001	-1.528207e-002	0.000000e+000
5.096135246775905e-001	-1.527759e-002	0.000000e+000
5.104562051582294e-001	-1.527146e-002	0.000000e+000
5.113426020469049e-001	-1.526502e-002	0.000000e+000
5.123191645469049e-001	-1.525792e-002	0.000000e+000
5.132957270469049e-001	-1.525083e-002	0.000000e+000
5.142722895469049e-001	-1.524374e-002	0.000000e+000
5.152488520469049e-001	-1.523666e-002	0.000000e+000
5.162254145469049e-001	-1.522958e-002	0.000000e+000
5.172019770469049e-001	-1.522250e-002	0.000000e+000
5.181785395469049e-001	-1.521542e-002	0.000000e+000
5.191551020469049e-001	-1.520835e-002	0.000000e+000
5.201316645469049e-001	-1.520128e-002	0.000000e+000
5.211082270469049e-001	-1.519421e-002	0.000000e+000
5.220847895469049e-001	-1.518715e-002	0.000000e+000
5.230613520469049e-001	-1.518009e-002	0.000000e+000
5.240379145469049e-001	-1.517303e-002	0.000000e+000
5.250144770469049e-001	-1.516598e-002	0.000000e+000
5.259910395469049e-001	-1.515893e-002	0.000000e+000
5.269676020469049e-001	-1.515188e-002	0.000000e+000
5.279441645469049e-001	-1.514484e-002	0.000000e+000
5.289207270469049e-001	-1.513779e-002	0.000000e+000
5.295852591282142e-001	-1.513300e-002	0.000000e+000
5.304456642113032e-001	-1.512680e-002	0.000000e+000
5.313254546363568e-001	-1.512047e-002	0.000000e+000
5.323020171363568e-001	-1.511344e-002	0.000000e+000
5.332785796363568e-001	-1.510641e-002	0.000000e+000
5.342551421363568e-001	-1.509939e-002	0.000000e+000
5.352317046363568e-001	-1.509237e-002	0.000000e+000
5.362082671363568e-001	-1.508535e-002	0.000000e+000
5.371848296363568e-001	-1.507833e-002	0.000000e+000
5.381613921363568e-001	-1.507132e-002	0.000000e+000
5.391379546363568e-001	-1.506431e-002	0.000000e+000
5.401145171363568e-001	-1.505731e-002	0.000000e+000
5.410910796363568e-001	-1.505031e-002	0.000000e+000
5.420676421363568e-001	-1.504331e-002	0.000000e+000
5.430442046363568e-001	-1.503631e-002	0.000000e+000
5.440207671363568e-001	-1.502932e-002	0.000000e+000
5.449973296363568e-001	-1.502233e-002	0.000000e+000
5.459738921363568e-001	-1.501534e-002	0.000000e+000
5.469504546363568e-001	-1.500836e-002	0.000000e+000
5.479270171363568e-001	-1.500137e-002	0.000000e+000
5.489035796363568e-001	-1.499440e-002	0.000000e+000
5.495788841041580e-001	-1.498957e-002	0.000000e+000
5.504432861046480e-001	-1.498340e-002	0.000000e+000
5.513215859615505e-001	-1.497713e-002	0.000000e+000
5.522981484615505e-001	-1.497017e-002	0.000000e+000
5.532747109615505e-001	-1.496320e-002	0.000000e+000
5.542512734615505e-001	-1.495624e-002	0.000000e+000
5.552278359615505e-001	-1.494928e-002	0.000000e+000
5.562043984615505e-001	-1.494233e-002	0.000000e+000
5.571809609615505e-001	-1.493538e-002	0.000000e+000
5.581575234615505e-001	-1.492843e-002	0.000000e+000
5.591340859615505e-001	-1.492149e-002	0.000000e+000
5.601106484615505e-001	-1.491454e-002	0.000000e+000
5.610872109615505e-001	-1.490760e-002	0.000000e+000
5.620637734615505e-001	-1.490067e-002	0.000000e+000
5.630403359615505e-001	-1.489373e-002	0.000000e+000
5.640168984615505e-001	-1.488680e-002	0.000000e+000
5.649934609615505e-001	-1.487988e-002	0.000000e+000
5.659700234615505e-001	-1.487295e-002	0.000000e+000
5.669465859615505e-001	-1.486603e-002	0.000000e+000
5.679231484615505e-001	-1.485912e-002	0.000000e+000
5.688997109615505e-001	-1.485220e-002	0.000000e+000
5.695774457445713e-001	-1.484740e-002	0.000000e+000
5.704427495097636e-001	-1.484128e-002	0.000000e+000
5.713207130301814e-001	-1.483507e-002	0.000000e+000
5.722972755301814e-001	-1.482817e-002	0.000000e+000
5.732738380301814e-001	-1.482127e-002	0.000000e+000
5.742504005301814e-001	-1.481437e-002	0.000000e+000
5.752269630301814e-001	-1.480748e-002	0.000000e+000
5.762035255301814e-001	-1.480058e-002	0.000000e+000
5.771800880301814e-001	-1.479370e-002	0.000000e+000
5.781566505301814e-001	-1.478681e-002	0.000000e+000
5.791332130301814e-001	-1.477993e-002	0.000000e+000
5.801097755301814e-001	-1.477305e-002	0.000000e+000
5.810863380301814e-001	-1.476617e-002	0.000000e+000
5.820629005301814e-001	-1.475930e-002	0.000000e+000
5.830394630301814e-001	-1.475243e-002	0.000000e+000
5.840160255301814e-001	-1.474556e-002	0.000000e+000
5.849925880301814e-001	-1.473870e-002	0.000000e+000
5.859691505301814e-001	-1.473184e-002	0.000000e+000
5.869457130301814e-001	-1.472498e-002	0.000000e+000
5.879222755301814e-001	-1.471812e-002	0.000000e+000
5.888988380301814e-001	-1.471127e-002	0.000000e+000
5.895771211878436e-001	-1.470651e-002	0.000000e+000
5.902596521722439e-001	-1.467295e-002	2.390618e-007
5.906058550685691e-001	-1.457204e-002	5.578108e-007
5.912982608612195e-001	-1.422186e-002	1.195309e-006
5.922748233612195e-001	-1.350523e-002	2.094430e-006
5.932513858612195e-001	-1.259251e-002	2.993551e-006
5.942279483612195e-001	-1.153665e-002	3.892672e-006
5.952045108612195e-001	-1.038986e-002	4.791793e-006
5.961810733612195e-001	-9.185377e-003	5.690914e-006
5.971576358612195e-001	-7.944372e-003	6.590035e-006
5.981341983612195e-001	-6.680322e-003	7.489156e-006
5.991107608612195e-001	-5.401966e-003	8.388278e-006
6.000000000000000e-001	-4.231020e-003	9.207000e-006
6.006835937500000e-001	-3.322616e-003	9.849100e-006
6.014648437500000e-001	-2.277655e-003	1.058293e-005
6.024414062500000e-001	-9.652339e-004	1.150021e-005
6.034179687500000e-001	3.523506e-004	1.241750e-005
6.043945312500000e-001	1.673354e-003	1.333478e-005
6.053710937500000e-001	2.996321e-003	1.425207e-005
6.063476562500000e-001	4.320324e-003	1.516935e-005
6.073242187500000e-001	5.644773e-003	1.608664e-005
6.083007812500000e-001	6.969293e-003	1.700392e-005
6.092773437500000e-001	8.293679e-003	1.792121e-005
6.096651740914698e-001	8.793394e-003	1.832113e-005
6.100530044329395e-001	9.347306e-003	1.879652e-005
6.104408347744094e-001	9.955412e-003	1.934737e-005
6.108286651158791e-001	1.061771e-002	1.997368e-005
6.112164954573489e-001	1.133421e-002	2.067546e-005
6.116043257988186e-001	1.210490e-002	2.145270e-005
6.119921561402885e-001	1.292979e-002	2.230541e-005
6.129687186402885e-001	1.510375e-002	2.412182e-005
6.139452811402885e-001	1.744022e-002	2.593822e-005
6.149218436402885e-001	1.987976e-002	2.775463e-005
6.158984061402885e-001	2.238450e-002	2.957104e-005
6.168749686402885e-001	2.493033e-002	3.138744e-005
6.178515311402885e-001	2.750190e-002	3.320385e-005
6.188280936402885e-001	3.008944e-002	3.502025e-005
6.198046561402885e-001	3.268570e-002	3.683666e-005
6.202929687500001e-001	3.395026e-002	3.747246e-005
6.206835937500000e-001	3.486812e-002	3.783574e-005
6.214648437500000e-001	3.652993e-002	3.856231e-005
6.224414062500000e-001	3.838456e-002	3.947051e-005
6.234179687500000e-001	4.004855e-002	4.037871e-005
6.243945312500000e-001	4.157886e-002	4.128692e-005
6.253710937500000e-001	4.302383e-002	4.219512e-005
6.263476562500000e-001	4.441425e-002	4.310332e-005
6.273242187500000e-001	4.576973e-002	4.401152e-005
6.283007812500000e-001	4.710276e-002	4.491973e-005
6.292773437500000e-001	4.842205e-002	4.582793e-005
6.299441919486126e-001	4.933945e-002	4.669225e-005
6.306110401472254e-001	5.038273e-002	4.764991e-005
6.312778883458380e-001	5.155190e-002	4.870090e-005
6.319447365444506e-001	5.284694e-002	4.984523e-005
6.326115847430632e-001	5.426787e-002	5.108289e-005
6.332784329416760e-001	5.581468e-002	5.241389e-005
6.339452811402886e-001	5.748738e-002	5.383822e-005
6.349218436402886e-001	5.990916e-002	5.565463e-005
6.358984061402886e-001	6.239615e-002	5.747104e-005
6.368749686402886e-001	6.492423e-002	5.928744e-005
6.378515311402886e-001	6.747807e-002	6.110385e-005
6.388280936402886e-001	7.004787e-002	6.292026e-005
6.398046561402886e-001	7.262640e-002	6.473666e-005
6.402929687500001e-001	7.391881e-002	6.564492e-005
6.406835937500001e-001	7.495371e-002	6.637148e-005
6.414648437500000e-001	7.702468e-002	6.782461e-005
6.424414062500000e-001	7.961467e-002	6.964101e-005
6.434179687500000e-001	8.220546e-002	7.145742e-005
6.443945312500000e-001	8.479641e-002	7.327383e-005
6.453710937500000e-001	8.738704e-002	7.509023e-005
6.463476562500000e-001	8.997707e-002	7.690664e-005
6.473242187500000e-001	9.256628e-002	7.872305e-005
6.483007812500000e-001	9.515457e-002	8.053945e-005
6.492773437500000e-001	9.774194e-002	8.235586e-005
6.499441919486126e-001	9.950811e-002	8.359620e-005
6.506110401472254e-001	1.012737e-001	8.483654e-005
6.512778883458380e-001	1.030388e-001	8.607688e-005
6.519447365444506e-001	1.048034e-001	8.731721e-005
6.526115847430632e-001	1.065674e-001	8.855755e-005
6.532784329416760e-001	1.083309e-001	8.979789e-005
6.539452811402886e-001	1.100938e-001	9.103822e-005
6.549218436402886e-001	1.126747e-001	9.285463e-005
6.558984061402886e-001	1.152544e-001	9.467104e-005
6.568749686402886e-001	1.178330e-001	9.648744e-005
6.578515311402886e-001	1.204105e-001	9.830385e-005
6.588280936402886e-001	1.229868e-001	1.001203e-004
6.598046561402886e-001	1.255621e-001	1.019367e-004
6.602929687500001e-001	1.268494e-001	1.028449e-004
6.606835937500001e-001	1.278789e-001	1.035715e-004
6.614648437500000e-001	1.299372e-001	1.050246e-004
6.624414062500000e-001	1.325092e-001	1.068410e-004
6.634179687500000e-001	1.350802e-001	1.086574e-004
6.643945312500000e-001	1.376500e-001	1.104738e-004
6.653710937500000e-001	1.402186e-001	1.122902e-004
6.663476562500000e-001	1.427861e-001	1.141066e-004
6.673242187500000e-001	1.453525e-001	1.159230e-004
6.683007812500000e-001	1.479177e-001	1.177395e-004
6.692773437500000e-001	1.504819e-001	1.195559e-004
6.699441919486127e-001	1.522558e-001	1.210404e-004
6.706110401472253e-001	1.541570e-001	1.226182e-004
6.712778883458379e-001	1.561855e-001	1.242893e-004
6.719447365444506e-001	1.583414e-001	1.260538e-004
6.726115847430633e-001	1.606246e-001	1.279117e-004
6.732784329416759e-001	1.630351e-001	1.298628e-004
6.739452811402885e-001	1.655729e-001	1.319073e-004
6.749218436402885e-001	1.692596e-001	1.346319e-004
6.758984061402885e-001	1.730116e-001	1.373565e-004
6.768749686402885e-001	1.768046e-001	1.400812e-004
6.778515311402885e-001	1.806230e-001	1.428058e-004
6.788280936402885e-001	1.844570e-001	1.455304e-004
6.798046561402885e-001	1.882994e-001	1.482550e-004
6.802929687500001e-001	1.902970e-001	1.501623e-004
6.806835937500001e-001	1.920854e-001	1.519787e-004
6.814648437500001e-001	1.960132e-001	1.556115e-004
6.824414062500001e-001	2.013717e-001	1.601525e-004
6.834179687500001e-001	2.071133e-001	1.646936e-004
6.843945312500001e-001	2.131222e-001	1.692346e-004
6.853710937500001e-001	2.193003e-001	1.737756e-004
6.863476562500001e-001	2.255850e-001	1.783166e-004
6.873242187500001e-001	2.319367e-001	1.828576e-004
6.883007812500001e-001	2.383299e-001	1.873986e-004
6.892773437500001e-001	2.447473e-001	1.919396e-004
6.899441919486127e-001	2.491178e-001	1.947963e-004
6.906110401472253e-001	2.533625e-001	1.975597e-004
6.912778883458379e-001	2.574814e-001	2.002297e-004
6.919447365444505e-001	2.614745e-001	2.028064e-004
6.926115847430632e-001	2.653419e-001	2.052897e-004
6.932784329416758e-001	2.690834e-001	2.076798e-004
6.939452811402884e-001	2.726992e-001	2.099764e-004
6.949218436402884e-001	2.780180e-001	2.136093e-004
6.958984061402884e-001	2.832687e-001	2.172421e-004
6.968749686402884e-001	2.884754e-001	2.208749e-004
6.978515311402884e-001	2.936531e-001	2.245077e-004
6.988280936402884e-001	2.988117e-001	2.281405e-004
6.998046561402884e-001	3.039588e-001	2.317733e-004
7.002929687500000e-001	3.064546e-001	2.330449e-004
7.006835937500000e-001	3.082596e-001	2.337715e-004
7.014648437500000e-001	3.115167e-001	2.352246e-004
7.024414062500000e-001	3.151363e-001	2.370410e-004
7.034179687500000e-001	3.183691e-001	2.388574e-004
7.043945312500000e-001	3.213305e-001	2.406738e-004
7.053710937500000e-001	3.241188e-001	2.424902e-004
7.063476562500000e-001	3.267965e-001	2.443066e-004
7.073242187500000e-001	3.294033e-001	2.461230e-004
7.083007812500000e-001	3.319646e-001	2.479395e-004
7.092773437500000e-001	3.344981e-001	2.497559e-004
7.099441919486126e-001	3.361903e-001	2.507520e-004
7.106110401472253e-001	3.377505e-001	2.516549e-004
7.112778883458379e-001	3.391788e-001	2.524644e-004
7.119447365444506e-001	3.404753e-001	2.531806e-004
7.126115847430632e-001	3.416398e-001	2.538034e-004
7.132784329416759e-001	3.426724e-001	2.543329e-004
7.139452811402886e-001	3.435732e-001	2.547691e-004
7.149218436402886e-001	3.449237e-001	2.556773e-004
7.158984061402886e-001	3.462053e-001	2.565855e-004
7.168749686402886e-001	3.474429e-001	2.574937e-004
7.178515311402886e-001	3.486522e-001	2.584019e-004
7.188280936402886e-001	3.498434e-001	2.593101e-004
7.198046561402886e-001	3.510243e-001	2.602183e-004
7.202929687500000e-001	3.515007e-001	2.598551e-004
7.206835937500000e-001	3.515960e-001	2.591285e-004
7.214648437500000e-001	3.512594e-001	2.576754e-004
7.224414062500000e-001	3.501641e-001	2.558590e-004
7.234179687500000e-001	3.484922e-001	2.540426e-004
7.243945312500000e-001	3.464169e-001	2.522262e-004
7.253710937500000e-001	3.440852e-001	2.504098e-004
7.263476562500000e-001	3.415906e-001	2.485934e-004
7.273242187500000e-001	3.389928e-001	2.467770e-004
7.283007812500000e-001	3.363297e-001	2.449605e-004
7.292773437500000e-001	3.336276e-001	2.431441e-004
7.296651740914698e-001	3.326515e-001	2.422788e-004
7.300530044329395e-001	3.314536e-001	2.411086e-004
7.304408347744094e-001	3.300339e-001	2.396334e-004
7.308286651158792e-001	3.283922e-001	2.378534e-004
7.312164954573490e-001	3.265287e-001	2.357684e-004
7.316043257988187e-001	3.244434e-001	2.333785e-004
7.319921561402886e-001	3.221361e-001	2.306838e-004
7.329687186402886e-001	3.159367e-001	2.252345e-004
7.339452811402886e-001	3.090746e-001	2.197853e-004
7.349218436402886e-001	3.017921e-001	2.143361e-004
7.358984061402886e-001	2.942430e-001	2.088869e-004
7.368749686402886e-001	2.865255e-001	2.034377e-004
7.378515311402886e-001	2.787021e-001	1.979885e-004
7.388280936402886e-001	2.708125e-001	1.925392e-004
7.398046561402886e-001	2.628866e-001	1.870900e-004
7.402929687500001e-001	2.589470e-001	1.846377e-004
7.406835937500000e-001	2.558859e-001	1.828213e-004
7.414648437500000e-001	2.499333e-001	1.791885e-004
7.424414062500000e-001	2.427104e-001	1.746475e-004
7.434179687500000e-001	2.356746e-001	1.701064e-004
7.443945312500000e-001	2.287708e-001	1.655654e-004
7.453710937500000e-001	2.219521e-001	1.610244e-004
7.463476562500000e-001	2.151888e-001	1.564834e-004
7.473242187500000e-001	2.084617e-001	1.519424e-004
7.483007812500000e-001	2.017588e-001	1.474014e-004
7.492773437500000e-001	1.950714e-001	1.428604e-004
7.499441919486126e-001	1.905132e-001	1.397595e-004
7.506110401472252e-001	1.859581e-001	1.366587e-004
7.512778883458379e-001	1.814060e-001	1.335578e-004
7.519447365444506e-001	1.768571e-001	1.304570e-004
7.526115847430632e-001	1.723113e-001	1.273561e-004
7.532784329416759e-001	1.677685e-001	1.242553e-004
7.539452811402885e-001	1.632289e-001	1.211544e-004
7.549218436402885e-001	1.565815e-001	1.166134e-004
7.558984061402885e-001	1.499376e-001	1.120724e-004
7.568749686402885e-001	1.432971e-001	1.075314e-004
7.578515311402885e-001	1.366598e-001	1.029904e-004
7.588280936402885e-001	1.300257e-001	9.844937e-005
7.598046561402885e-001	1.233939e-001	9.390835e-005
7.602929687500001e-001	1.201159e-001	9.191016e-005
7.606835937500001e-001	1.175893e-001	9.045703e-005
7.614648437500000e-001	1.127124e-001	8.755078e-005
7.624414062500000e-001	1.068425e-001	8.391797e-005
7.634179687500000e-001	1.011669e-001	8.028516e-005
7.643945312500000e-001	9.562813e-002	7.665234e-005
7.653710937500000e-001	9.017729e-002	7.301953e-005
7.663476562500000e-001	8.478332e-002	6.938672e-005
7.673242187500000e-001	7.942640e-002	6.575391e-005
7.683007812500000e-001	7.409394e-002	6.212109e-005
7.692773437500000e-001	6.877694e-002	5.848828e-005
7.699441919486126e-001	6.517798e-002	5.625176e-005
7.706110401472253e-001	6.170978e-002	5.410858e-005
7.712778883458379e-001	5.837232e-002	5.205873e-005
7.719447365444506e-001	5.516562e-002	5.010221e-005
7.726115847430632e-001	5.208966e-002	4.823903e-005
7.732784329416759e-001	4.914446e-002	4.646918e-005
7.739452811402885e-001	4.633001e-002	4.479266e-005
7.749218436402885e-001	4.217955e-002	4.206806e-005
7.758984061402885e-001	3.809853e-002	3.934345e-005
7.768749686402885e-001	3.406236e-002	3.661884e-005
7.778515311402885e-001	3.005539e-002	3.389423e-005
7.788280936402885e-001	2.606765e-002	3.116962e-005
7.798046561402885e-001	2.209115e-002	2.844501e-005
7.802929687500001e-001	2.018064e-002	2.762754e-005
7.806835937500001e-001	1.884369e-002	2.726426e-005
7.814648437500000e-001	1.652250e-002	2.653769e-005
7.824414062500000e-001	1.407250e-002	2.562949e-005
7.834179687500000e-001	1.200890e-002	2.472129e-005
7.843945312500000e-001	1.021611e-002	2.381309e-005
7.853710937500000e-001	8.595968e-003	2.290488e-005
7.863476562500000e-001	7.085963e-003	2.199668e-005
7.873242187500000e-001	5.646301e-003	2.108848e-005
7.883007812500000e-001	4.251643e-003	2.018027e-005
7.892773437500000e-001	2.884342e-003	1.927207e-005
7.899441919486127e-001	1.964646e-003	1.865190e-005
7.906110401472253e-001	1.048723e-003	1.803173e-005
7.912778883458379e-001	1.365731e-004	1.741156e-005
7.919447365444506e-001	-7.718047e-004	1.679140e-005
7.926115847430633e-001	-1.676410e-003	1.617123e-005
7.932784329416759e-001	-2.577243e-003	1.555106e-005
7.939452811402885e-001	-3.474303e-003	1.493089e-005
7.949218436402885e-001	-4.790835e-003	1.402269e-005
7.958984061402885e-001	-6.105445e-003	1.311448e-005
7.968749686402885e-001	-7.418620e-003	1.220628e-005
7.978515311402885e-001	-8.730670e-003	1.129808e-005
7.988280936402885e-001	-1.004179e-002	1.038987e-005
7.998046561402885e-001	-1.135225e-002	9.481670e-006
8.002929687500001e-001	-1.197048e-002	9.300000e-006
8.006835937500001e-001	-1.237009e-002	9.300000e-006
8.014648437500000e-001	-1.299392e-002	9.300000e-006
8.024414062500000e-001	-1.354929e-002	9.300000e-006
8.034179687500000e-001	-1.391266e-002	9.300000e-006
8.043945312500000e-001	-1.414157e-002	9.300000e-006
8.053710937500000e-001	-1.428486e-002	9.300000e-006
8.063476562500000e-001	-1.437365e-002	9.300000e-006
8.073242187500000e-001	-1.442772e-002	9.300000e-006
8.083007812500000e-001	-1.445969e-002	9.300000e-006
8.092773437500000e-001	-1.447831e-002	9.300000e-006
8.096651740914699e-001	-1.445624e-002	9.264006e-006
8.100530044329396e-001	-1.448807e-002	9.151786e-006
8.104408347744094e-001	-1.457380e-002	8.963340e-006
8.108286651158791e-001	-1.471342e-002	8.698668e-006
8.112164954573490e-001	-1.490695e-002	8.357770e-006
8.116043257988187e-001	-1.515437e-002	7.940645e-006
8.119921561402885e-001	-1.545569e-002	7.447295e-006
8.129687186402885e-001	-1.631329e-002	6.539092e-006
8.139452811402885e-001	-1.733395e-002	5.630889e-006
8.149218436402885e-001	-1.845822e-002	4.722685e-006
8.158984061402885e-001	-1.964827e-002	3.814482e-006
8.168749686402885e-001	-2.087998e-002	2.906279e-006
8.178515311402885e-001	-2.213801e-002	1.998076e-006
8.188280936402885e-001	-2.341259e-002	1.089873e-006
8.198046561402885e-001	-2.469635e-002	1.816698e-007
8.202929687500000e-001	-2.530488e-002	0.000000e+000
8.206835937500000e-001	-2.569810e-002	0.000000e+000
8.214648437500000e-001	-2.631091e-002	0.000000e+000
8.224414062500000e-001	-2.685475e-002	0.000000e+000
8.234179687500000e-001	-2.720851e-002	0.000000e+000
8.243945312500000e-001	-2.742917e-002	0.000000e+000
8.253710937500000e-001	-2.756506e-002	0.000000e+000
8.263476562500000e-001	-2.764699e-002	0.000000e+000
8.273242187500000e-001	-2.769457e-002	0.000000e+000
8.283007812500000e-001	-2.772027e-002	0.000000e+000
8.292773437500000e-001	-2.773270e-002	0.000000e+000
8.299004880231845e-001	-2.773551e-002	0.000000e+000
8.305630106960660e-001	-2.773489e-002	0.000000e+000
8.315162998050717e-001	-2.773058e-002	0.000000e+000
8.324928623050717e-001	-2.772348e-002	0.000000e+000
8.334694248050717e-001	-2.771439e-002	0.000000e+000
8.344459873050717e-001	-2.770402e-002	0.000000e+000
8.354225498050717e-001	-2.769284e-002	0.000000e+000
8.363991123050717e-001	-2.768114e-002	0.000000e+000
8.373756748050717e-001	-2.766912e-002	0.000000e+000
8.383522373050717e-001	-2.765689e-002	0.000000e+000
8.393287998050717e-001	-2.764453e-002	0.000000e+000
8.403053623050717e-001	-2.763209e-002	0.000000e+000
8.412819248050717e-001	-2.761961e-002	0.000000e+000
8.422584873050717e-001	-2.760709e-002	0.000000e+000
8.432350498050717e-001	-2.759456e-002	0.000000e+000
8.442116123050717e-001	-2.758201e-002	0.000000e+000
8.451881748050717e-001	-2.756947e-002	0.000000e+000
8.461647373050717e-001	-2.755692e-002	0.000000e+000
8.471412998050717e-001	-2.754438e-002	0.000000e+000
8.481178623050717e-001	-2.753184e-002	0.000000e+000
8.490944248050717e-001	-2.751930e-002	0.000000e+000
8.497390265200050e-001	-2.751103e-002	0.000000e+000
8.505029550714890e-001	-2.750123e-002	0.000000e+000
8.514186424230326e-001	-2.748949e-002	0.000000e+000
8.523952049230326e-001	-2.747697e-002	0.000000e+000
8.533717674230326e-001	-2.746445e-002	0.000000e+000
8.543483299230326e-001	-2.745195e-002	0.000000e+000
8.553248924230326e-001	-2.743944e-002	0.000000e+000
8.563014549230326e-001	-2.742695e-002	0.000000e+000
8.572780174230326e-001	-2.741445e-002	0.000000e+000
8.582545799230326e-001	-2.740197e-002	0.000000e+000
8.592311424230326e-001	-2.738949e-002	0.000000e+000
8.602077049230326e-001	-2.737701e-002	0.000000e+000
8.611842674230326e-001	-2.736454e-002	0.000000e+000
8.621608299230326e-001	-2.735208e-002	0.000000e+000
8.631373924230326e-001	-2.733962e-002	0.000000e+000
8.641139549230326e-001	-2.732717e-002	0.000000e+000
8.650905174230326e-001	-2.731472e-002	0.000000e+000
8.660670799230326e-001	-2.730228e-002	0.000000e+000
8.670436424230326e-001	-2.728984e-002	0.000000e+000
8.680202049230326e-001	-2.727741e-002	0.000000e+000
8.689967674230326e-001	-2.726498e-002	0.000000e+000
8.696135246775906e-001	-2.725714e-002	0.000000e+000
8.704562051582294e-001	-2.724642e-002	0.000000e+000
8.713426020469047e-001	-2.723516e-002	0.000000e+000
8.723191645469047e-001	-2.722275e-002	0.000000e+000
8.732957270469047e-001	-2.721035e-002	0.000000e+000
8.742722895469047e-001	-2.719795e-002	0.000000e+000
8.752488520469047e-001	-2.718556e-002	0.000000e+000
8.762254145469047e-001	-2.717318e-002	0.000000e+000
8.772019770469047e-001	-2.716080e-002	0.000000e+000
8.781785395469047e-001	-2.714843e-002	0.000000e+000
8.791551020469047e-001	-2.713606e-002	0.000000e+000
8.801316645469047e-001	-2.712369e-002	0.000000e+000
8.811082270469047e-001	-2.711134e-002	0.000000e+000
8.820847895469047e-001	-2.709898e-002	0.000000e+000
8.830613520469047e-001	-2.708664e-002	0.000000e+000
8.840379145469047e-001	-2.707430e-002	0.000000e+000
8.850144770469047e-001	-2.706196e-002	0.000000e+000
8.859910395469047e-001	-2.704963e-002	0.000000e+000
8.869676020469047e-001	-2.703731e-002	0.000000e+000
8.879441645469047e-001	-2.702499e-002	0.000000e+000
8.889207270469047e-001	-2.701267e-002	0.000000e+000
8.895852591282142e-001	-2.700430e-002	0.000000e+000
8.904456642113032e-001	-2.699346e-002	0.000000e+000
8.913254546363569e-001	-2.698238e-002	0.000000e+000
8.923020171363569e-001	-2.697008e-002	0.000000e+000
8.932785796363569e-001	-2.695779e-002	0.000000e+000
8.942551421363569e-001	-2.694551e-002	0.000000e+000
8.952317046363569e-001	-2.693323e-002	0.000000e+000
8.962082671363569e-001	-2.692096e-002	0.000000e+000
8.971848296363569e-001	-2.690869e-002	0.000000e+000
8.981613921363569e-001	-2.689643e-002	0.000000e+000
8.991379546363569e-001	-2.688417e-002	0.000000e+000
9.001145171363569e-001	-2.687192e-002	0.000000e+000
9.010910796363569e-001	-2.685967e-002	0.000000e+000
9.020676421363569e-001	-2.684743e-002	0.000000e+000
9.030442046363569e-001	-2.683520e-002	0.000000e+000
9.040207671363569e-001	-2.682297e-002	0.000000e+000
9.049973296363569e-001	-2.681075e-002	0.000000e+000
9.059738921363569e-001	-2.679853e-002	0.000000e+000
9.069504546363569e-001	-2.678631e-002	0.000000e+000
9.079270171363569e-001	-2.677411e-002	0.000000e+000
9.089035796363569e-001	-2.676190e-002	0.000000e+000
9.095788841041581e-001	-2.675347e-002	0.000000e+000
9.104432861046481e-001	-2.674268e-002	0.000000e+000
9.113215859615507e-001	-2.673171e-002	0.000000e+000
9.122981484615507e-001	-2.671953e-002	0.000000e+000
9.132747109615507e-001	-2.670735e-002	0.000000e+000
9.142512734615507e-001	-2.669518e-002	0.000000e+000
9.152278359615507e-001	-2.668301e-002	0.000000e+000
9.162043984615507e-001	-2.667085e-002	0.000000e+000
9.171809609615507e-001	-2.665870e-002	0.000000e+000
9.181575234615507e-001	-2.664654e-002	0.000000e+000
9.191340859615507e-001	-2.663440e-002	0.000000e+000
9.201106484615507e-001	-2.662226e-002	0.000000e+000
9.210872109615507e-001	-2.661012e-002	0.000000e+000
9.220637734615507e-001	-2.659799e-002	0.000000e+000
9.230403359615507e-001	-2.658587e-002	0.000000e+000
9.240168984615507e-001	-2.657375e-002	0.000000e+000
9.249934609615507e-001	-2.656164e-002	0.000000e+000
9.259700234615507e-001	-2.654953e-002	0.000000e+000
9.269465859615507e-001	-2.653743e-002	0.000000e+000
9.279231484615507e-001	-2.652533e-002	0.000000e+000
9.288997109615507e-001	-2.651324e-002	0.000000e+000
9.295774457445715e-001	-2.650485e-002	0.000000e+000
9.304427495097638e-001	-2.649414e-002	0.000000e+000
9.313207130301817e-001	-2.648328e-002	0.000000e+000
9.322972755301817e-001	-2.647121e-002	0.000000e+000
9.332738380301817e-001	-2.645914e-002	0.000000e+000
9.342504005301817e-001	-2.644708e-002	0.000000e+000
9.352269630301817e-001	-2.643502e-002	0.000000e+000
9.362035255301817e-001	-2.642297e-002	0.000000e+000
9.371800880301817e-001	-2.641092e-002	0.000000e+000
9.381566505301817e-001	-2.639888e-002	0.000000e+000
9.391332130301817e-001	-2.638685e-002	0.000000e+000
9.401097755301817e-001	-2.637482e-002	0.000000e+000
9.410863380301817e-001	-2.636279e-002	0.000000e+000
9.420629005301817e-001	-2.635077e-002	0.000000e+000
9.430394630301817e-001	-2.633876e-002	0.000000e+000
9.440160255301817e-001	-2.632675e-002	0.000000e+000
9.449925880301817e-001	-2.631475e-002	0.000000e+000
9.459691505301817e-001	-2.630275e-002	0.000000e+000
9.469457130301817e-001	-2.629075e-002	0.000000e+000
9.479222755301817e-001	-2.627877e-002	0.000000e+000
9.488988380301817e-001	-2.626678e-002	0.000000e+000
9.495771211878437e-001	-2.625846e-002	0.000000e+000
9.504426284286566e-001	-2.624785e-002	0.000000e+000
9.513205160554316e-001	-2.623709e-002	0.000000e+000
9.522970785554316e-001	-2.622513e-002	0.000000e+000
9.532736410554316e-001	-2.621317e-002	0.000000e+000
9.542502035554316e-001	-2.620122e-002	0.000000e+000
9.552267660554316e-001	-2.618927e-002	0.000000e+000
9.562033285554316e-001	-2.617733e-002	0.000000e+000
9.571798910554316e-001	-2.616539e-002	0.000000e+000
9.581564535554316e-001	-2.615346e-002	0.000000e+000
9.591330160554316e-001	-2.614153e-002	0.000000e+000
9.601095785554316e-001	-2.612961e-002	0.000000e+000
9.610861410554316e-001	-2.611769e-002	0.000000e+000
9.620627035554316e-001	-2.610578e-002	0.000000e+000
9.630392660554316e-001	-2.609388e-002	0.000000e+000
9.640158285554316e-001	-2.608198e-002	0.000000e+000
9.649923910554316e-001	-2.607008e-002	0.000000e+000
9.659689535554316e-001	-2.605819e-002	0.000000e+000
9.669455160554316e-001	-2.604631e-002	0.000000e+000
9.679220785554316e-001	-2.603443e-002	0.000000e+000
9.688986410554316e-001	-2.602255e-002	0.000000e+000
9.695770479522378e-001	-2.601431e-002	0.000000e+000
9.704426011068407e-001	-2.600379e-002	0.000000e+000
9.713204716082865e-001	-2.599313e-002	0.000000e+000
9.722970341082865e-001	-2.598127e-002	0.000000e+000
9.732735966082865e-001	-2.596942e-002	0.000000e+000
9.742501591082865e-001	-2.595758e-002	0.000000e+000
9.752267216082865e-001	-2.594574e-002	0.000000e+000
9.762032841082865e-001	-2.593390e-002	0.000000e+000
9.771798466082865e-001	-2.592207e-002	0.000000e+000
9.781564091082865e-001	-2.591025e-002	0.000000e+000
9.791329716082865e-001	-2.589843e-002	0.000000e+000
9.801095341082865e-001	-2.588662e-002	0.000000e+000
9.810860966082865e-001	-2.587481e-002	0.000000e+000
9.820626591082865e-001	-2.586300e-002	0.000000e+000
9.830392216082865e-001	-2.585121e-002	0.000000e+000
9.840157841082865e-001	-2.583941e-002	0.000000e+000
9.849923466082865e-001	-2.582763e-002	0.000000e+000
9.859689091082865e-001	-2.581584e-002	0.000000e+000
9.869454716082865e-001	-2.580407e-002	0.000000e+000
9.879220341082865e-001	-2.579230e-002	0.000000e+000
9.888985966082865e-001	-2.578053e-002	0.000000e+000
9.895770314266901e-001	-2.577236e-002	0.000000e+000
9.904425949416930e-001	-2.576194e-002	0.000000e+000
9.913204615788201e-001	-2.575137e-002	0.000000e+000
9.922970240788201e-001	-2.573962e-002	0.000000e+000
9.932735865788201e-001	-2.572788e-002	0.000000e+000
9.942501490788201e-001	-2.571614e-002	0.000000e+000
9.952267115788201e-001	-2.570441e-002	0.000000e+000
9.962032740788201e-001	-2.569268e-002	0.000000e+000
9.971798365788201e-001	-2.568096e-002	0.000000e+000
9.981563990788201e-001	-2.566924e-002	0.000000e+000
9.991329615788201e-001	-2.565753e-002	0.000000e+000
1.000000000000000e+000	-2.564713e-002	0.000000e+000
