time	vout	vin
0.000000000000000e+000	7.213645e-004	0.000000e+000
1.442778957765390e-006	7.208425e-004	2.266312e-006
2.885557915530780e-006	7.218605e-004	4.532624e-006
4.328336873296170e-006	7.244184e-004	6.798935e-006
5.771115831061560e-006	7.285162e-004	9.065246e-006
7.213894788826950e-006	7.341539e-004	1.133156e-005
8.656673746592340e-006	7.413315e-004	1.359787e-005
1.009945270435773e-005	7.500491e-004	1.586418e-005
1.464094606077075e-005	7.965055e-004	2.299792e-005
2.264197539481646e-005	9.436076e-004	3.556586e-005
3.864403406290787e-005	1.484490e-003	6.070154e-005
7.064815139909068e-005	3.530964e-003	1.109716e-004
1.346563860714563e-004	1.110808e-002	2.115020e-004
2.445507805968327e-004	3.327609e-002	3.840450e-004
3.902643431166881e-004	7.993639e-002	6.126419e-004
5.980197244499337e-004	1.783307e-001	9.379863e-004
8.699174261478889e-004	3.577223e-001	1.362215e-003
1.237670056834876e-003	6.794124e-001	1.931904e-003
1.711482399238399e-003	1.204061e+000	2.656123e-003
2.341126239995358e-003	2.047461e+000	3.595105e-003
3.163627444239277e-003	3.312100e+000	4.767391e-003
4.140189944239278e-003	4.939495e+000	6.054567e-003
5.116752444239278e-003	6.604451e+000	7.199551e-003
6.093314944239278e-003	8.217753e+000	8.175455e-003
7.069877444239278e-003	9.703584e+000	8.959359e-003
8.046439944239278e-003	1.100290e+001	9.532854e-003
9.023002444239278e-003	1.209656e+001	9.882472e-003
9.623275797835423e-003	1.265015e+001	9.982497e-003
1.025096940255326e-002	1.309814e+001	9.992231e-003
1.058559527262428e-002	1.323326e+001	9.957723e-003
1.125484701276632e-002	1.333791e+001	9.806365e-003
1.205995258454969e-002	1.336323e+001	9.481043e-003
1.280580124395051e-002	1.332283e+001	9.044386e-003
1.378236374395051e-002	1.304825e+001	8.286346e-003
1.475892624395051e-002	1.240344e+001	7.333700e-003
1.573548874395051e-002	1.141464e+001	6.208824e-003
1.671205124395051e-002	1.015757e+001	4.938134e-003
1.768861374395051e-002	8.661492e+000	3.551474e-003
1.866517624395051e-002	6.961369e+000	2.081407e-003
1.964173874395051e-002	5.114896e+000	5.624585e-004
2.000000000000000e-002	4.405364e+000	1.224647e-018
2.068359375000000e-002	2.985796e+000	-1.071724e-003
2.146484375000000e-002	1.329137e+000	-2.280721e-003
2.244140625000000e-002	-7.561985e-001	-3.741641e-003
2.341796875000000e-002	-2.822504e+000	-5.114689e-003
2.439453125000000e-002	-4.823783e+000	-6.367619e-003
2.537109375000000e-002	-6.712927e+000	-7.471006e-003
2.634765625000000e-002	-8.445498e+000	-8.398938e-003
2.732421875000000e-002	-9.980761e+000	-9.129622e-003
2.830078125000000e-002	-1.128263e+001	-9.645898e-003
2.927734375000000e-002	-1.234904e+001	-9.935642e-003
3.006770624268590e-002	-1.302606e+001	-9.999434e-003
3.047394369880129e-002	-1.323194e+001	-9.972301e-003
3.101559364028848e-002	-1.333562e+001	-9.873022e-003
3.160389892071133e-002	-1.336649e+001	-9.684307e-003
3.221197798363731e-002	-1.336831e+001	-9.402418e-003
3.318854048363731e-002	-1.327395e+001	-8.771724e-003
3.416510298363731e-002	-1.289519e+001	-7.935029e-003
3.514166548363731e-002	-1.212645e+001	-6.911980e-003
3.611822798363731e-002	-1.103096e+001	-5.726603e-003
3.709479048363731e-002	-9.677376e+000	-4.406739e-003
3.807135298363731e-002	-8.097488e+000	-2.983383e-003
3.904791548363731e-002	-6.329193e+000	-1.489962e-003
4.000000000000000e-002	-4.487075e+000	-2.449294e-018
4.068359375000000e-002	-3.068360e+000	1.071724e-003
4.125812314090729e-002	-1.851899e+000	1.963416e-003
4.223468564090729e-002	2.339476e-001	3.438592e-003
4.321124814090729e-002	2.307844e+000	4.833012e-003
4.418781064090729e-002	4.326928e+000	6.113930e-003
4.516437314090729e-002	6.243659e+000	7.251263e-003
4.614093564090729e-002	8.012948e+000	8.218301e-003
4.711749814090729e-002	9.593194e+000	8.992334e-003
4.809406064090729e-002	1.094725e+001	9.555182e-003
4.907062314090729e-002	1.207143e+001	9.893630e-003
5.000000000000000e-002	1.290006e+001	1.000000e-002
5.056480288584775e-002	1.319857e+001	9.960670e-003
5.121029189824517e-002	1.332588e+001	9.819831e-003
5.192799026950493e-002	1.336125e+001	9.544910e-003
5.269429010695907e-002	1.333375e+001	9.117720e-003
5.367085260695907e-002	1.309722e+001	8.383122e-003
5.464741510695907e-002	1.249306e+001	7.451649e-003
5.562397760695907e-002	1.153880e+001	6.345174e-003
5.660054010695907e-002	1.031228e+001	5.089684e-003
5.757710260695907e-002	8.842651e+000	3.714663e-003
5.855366510695907e-002	7.164422e+000	2.252404e-003
5.953022760695907e-002	5.332034e+000	7.372472e-004
6.000000000000000e-002	4.405509e+000	3.673940e-018
6.068359375000000e-002	2.986095e+000	-1.071724e-003
6.146484375000000e-002	1.329563e+000	-2.280721e-003
6.244140625000000e-002	-7.556594e-001	-3.741641e-003
6.341796875000000e-002	-2.821890e+000	-5.114689e-003
6.439453125000000e-002	-4.823123e+000	-6.367619e-003
6.537109375000000e-002	-6.712236e+000	-7.471006e-003
6.634765625000000e-002	-8.444787e+000	-8.398938e-003
6.732421875000000e-002	-9.980038e+000	-9.129622e-003
6.830078125000000e-002	-1.128190e+001	-9.645898e-003
6.927734375000000e-002	-1.234831e+001	-9.935642e-003
7.006770624268591e-002	-1.302532e+001	-9.999434e-003
7.047394369880131e-002	-1.323139e+001	-9.972301e-003
7.101559364028849e-002	-1.333542e+001	-9.873022e-003
7.160302686212652e-002	-1.336641e+001	-9.684648e-003
7.221189556897312e-002	-1.336825e+001	-9.402461e-003
7.318845806897312e-002	-1.327372e+001	-8.771786e-003
7.416502056897312e-002	-1.289466e+001	-7.935107e-003
7.514158306897312e-002	-1.212579e+001	-6.912073e-003
7.611814556897312e-002	-1.103032e+001	-5.726709e-003
7.709470806897312e-002	-9.676760e+000	-4.406855e-003
7.807127056897312e-002	-8.096889e+000	-2.983506e-003
7.904783306897312e-002	-6.328607e+000	-1.490090e-003
8.000000000000000e-002	-4.486337e+000	-4.898587e-018
8.068359375000000e-002	-3.067174e+000	1.071724e-003
8.134411668482025e-002	-1.667629e+000	2.095682e-003
8.232067918482025e-002	4.182416e-001	3.565116e-003
8.329724168482025e-002	2.489270e+000	4.950823e-003
8.427380418482025e-002	4.501225e+000	6.220260e-003
8.525036668482025e-002	6.406743e+000	7.343616e-003
8.622692918482025e-002	8.160999e+000	8.294508e-003
8.720349168482025e-002	9.722748e+000	9.050605e-003
8.818005418482025e-002	1.105528e+001	9.594149e-003
8.915661668482025e-002	1.215559e+001	9.912375e-003
9.000000000000000e-002	1.290071e+001	1.000000e-002
9.052701949893130e-002	1.318588e+001	9.965753e-003
9.112932749770993e-002	1.331880e+001	9.843068e-003
9.180896762643015e-002	1.336013e+001	9.598997e-003
9.258918578441051e-002	1.334454e+001	9.184279e-003
9.356574828441051e-002	1.314275e+001	8.471985e-003
9.454231078441051e-002	1.257754e+001	7.560729e-003
9.551887328441051e-002	1.165580e+001	6.471909e-003
9.649543578441051e-002	1.045726e+001	5.231097e-003
9.747199828441051e-002	9.012236e+000	3.867434e-003
9.844856078441051e-002	7.354642e+000	2.412945e-003
9.942512328441051e-002	5.535592e+000	9.017875e-004
1.000000000000000e-001	4.406224e+000	-1.164033e-017
1.006835937500000e-001	2.986815e+000	-1.071724e-003
1.014648437500000e-001	1.330286e+000	-2.280721e-003
1.024414062500000e-001	-7.549329e-001	-3.741641e-003
1.034179687500000e-001	-2.821162e+000	-5.114689e-003
1.043945312500000e-001	-4.822393e+000	-6.367619e-003
1.053710937500000e-001	-6.711506e+000	-7.471006e-003
1.063476562500000e-001	-8.444057e+000	-8.398938e-003
1.073242187500000e-001	-9.979307e+000	-9.129622e-003
1.083007812500000e-001	-1.128117e+001	-9.645898e-003
1.092773437500000e-001	-1.234758e+001	-9.935642e-003
1.100677062426859e-001	-1.302459e+001	-9.999434e-003
1.104739436988013e-001	-1.323083e+001	-9.972301e-003
1.110155936402885e-001	-1.333522e+001	-9.873022e-003
1.116022063054547e-001	-1.336634e+001	-9.684969e-003
1.122118806482944e-001	-1.336819e+001	-9.402470e-003
1.131884431482944e-001	-1.327348e+001	-8.771798e-003
1.141650056482944e-001	-1.289410e+001	-7.935122e-003
1.151415681482944e-001	-1.212508e+001	-6.912090e-003
1.161181306482944e-001	-1.102961e+001	-5.726729e-003
1.170946931482944e-001	-9.676055e+000	-4.406876e-003
1.180712556482944e-001	-8.096189e+000	-2.983529e-003
1.190478181482944e-001	-6.327908e+000	-1.490113e-003
1.200000000000000e-001	-4.485610e+000	-7.347881e-018
1.206835937500000e-001	-3.066088e+000	1.071724e-003
1.214188137582003e-001	-1.507395e+000	2.210264e-003
1.223953762582003e-001	5.782880e-001	3.674492e-003
1.233719387582003e-001	2.646538e+000	5.052425e-003
1.243485012582003e-001	4.652018e+000	6.311702e-003
1.253250637582002e-001	6.547521e+000	7.422750e-003
1.263016262582002e-001	8.288464e+000	8.359476e-003
1.272781887582002e-001	9.833918e+000	9.099880e-003
1.282547512582002e-001	1.114756e+001	9.626576e-003
1.292313137582002e-001	1.222697e+001	9.927192e-003
1.300705976289589e-001	1.294862e+001	9.999385e-003
1.304941834027122e-001	1.317436e+001	9.969886e-003
1.310589644343834e-001	1.331165e+001	9.861971e-003
1.317171074767426e-001	1.335866e+001	9.638448e-003
1.325329944424237e-001	1.334851e+001	9.218838e-003
1.335095569424237e-001	1.316360e+001	8.518549e-003
1.344861194424237e-001	1.262033e+001	7.618202e-003
1.354626819424237e-001	1.171737e+001	6.538943e-003
1.364392444424237e-001	1.053394e+001	5.306118e-003
1.374158069424237e-001	9.102221e+000	3.948679e-003
1.383923694424237e-001	7.455844e+000	2.498507e-003
1.393689319424237e-001	5.644073e+000	9.896568e-004
1.400000000000000e-001	4.406991e+000	-2.695461e-017
1.406835937500000e-001	2.987570e+000	-1.071724e-003
1.414648437500000e-001	1.331032e+000	-2.280721e-003
1.424414062500000e-001	-7.541963e-001	-3.741641e-003
1.434179687500000e-001	-2.820431e+000	-5.114689e-003
1.443945312500000e-001	-4.821666e+000	-6.367619e-003
1.453710937500000e-001	-6.710782e+000	-7.471006e-003
1.463476562500000e-001	-8.443335e+000	-8.398938e-003
1.473242187500000e-001	-9.978586e+000	-9.129622e-003
1.483007812500000e-001	-1.128045e+001	-9.645898e-003
1.492773437500000e-001	-1.234686e+001	-9.935642e-003
1.500677062426859e-001	-1.302387e+001	-9.999434e-003
1.504739436988013e-001	-1.323028e+001	-9.972301e-003
1.510155936402885e-001	-1.333503e+001	-9.873022e-003
1.516014401625881e-001	-1.336627e+001	-9.685269e-003
1.522119329595564e-001	-1.336812e+001	-9.402442e-003
1.531884954595564e-001	-1.327323e+001	-8.771759e-003
1.541650579595564e-001	-1.289351e+001	-7.935071e-003
1.551416204595564e-001	-1.212431e+001	-6.912030e-003
1.561181829595564e-001	-1.102883e+001	-5.726662e-003
1.570947454595564e-001	-9.675260e+000	-4.406802e-003
1.580713079595564e-001	-8.095383e+000	-2.983450e-003
1.590478704595564e-001	-6.327095e+000	-1.490032e-003
1.600000000000000e-001	-4.484894e+000	-9.797174e-018
1.606835937500000e-001	-3.065164e+000	1.071724e-003
1.614648437500000e-001	-1.408362e+000	2.280721e-003
1.624414062500000e-001	6.771103e-001	3.741641e-003
1.634179687500000e-001	2.743517e+000	5.114689e-003
1.643945312500000e-001	4.744874e+000	6.367619e-003
1.653710937500000e-001	6.634080e+000	7.471006e-003
1.663476562500000e-001	8.366702e+000	8.398938e-003
1.673242187500000e-001	9.902010e+000	9.129622e-003
1.683007812500000e-001	1.120392e+001	9.645898e-003
1.692773437500000e-001	1.227038e+001	9.935642e-003
1.700677062426859e-001	1.294742e+001	9.999434e-003
1.704739436988013e-001	1.316725e+001	9.972301e-003
1.710155936402885e-001	1.330679e+001	9.873022e-003
1.716650195906770e-001	1.335749e+001	9.659927e-003
1.725191457941872e-001	1.334908e+001	9.227245e-003
1.734957082941872e-001	1.316863e+001	8.529922e-003
1.744722707941872e-001	1.263105e+001	7.632276e-003
1.754488332941872e-001	1.173294e+001	6.555386e-003
1.764253957941872e-001	1.055324e+001	5.324544e-003
1.774019582941872e-001	9.124821e+000	3.968656e-003
1.783785207941872e-001	7.481230e+000	2.519564e-003
1.793550832941872e-001	5.671268e+000	1.011301e-003
1.800000000000000e-001	4.407719e+000	1.102182e-017
1.806835937500000e-001	2.988293e+000	-1.071724e-003
1.814648437500000e-001	1.331751e+000	-2.280721e-003
1.824414062500000e-001	-7.534810e-001	-3.741641e-003
1.834179687500000e-001	-2.819718e+000	-5.114689e-003
1.843945312500000e-001	-4.820955e+000	-6.367619e-003
1.853710937500000e-001	-6.710073e+000	-7.471006e-003
1.863476562500000e-001	-8.442626e+000	-8.398938e-003
1.873242187500000e-001	-9.977879e+000	-9.129622e-003
1.883007812500000e-001	-1.127974e+001	-9.645898e-003
1.892773437500000e-001	-1.234615e+001	-9.935642e-003
1.900677062426859e-001	-1.302317e+001	-9.999434e-003
1.904739436988013e-001	-1.322974e+001	-9.972301e-003
1.910155936402885e-001	-1.333483e+001	-9.873022e-003
1.916007266066818e-001	-1.336619e+001	-9.685548e-003
1.922120489045000e-001	-1.336806e+001	-9.402379e-003
1.931886114045000e-001	-1.327297e+001	-8.771671e-003
1.941651739045000e-001	-1.289289e+001	-7.934961e-003
1.951417364045000e-001	-1.212349e+001	-6.911899e-003
1.961182989045000e-001	-1.102798e+001	-5.726512e-003
1.970948614045000e-001	-9.674380e+000	-4.406639e-003
1.980714239045000e-001	-8.094479e+000	-2.983276e-003
1.990479864045000e-001	-6.326175e+000	-1.489852e-003
2.000000000000000e-001	-4.484190e+000	2.328067e-017
2.006835937500000e-001	-3.064460e+000	1.071724e-003
2.014648437500000e-001	-1.407659e+000	2.280721e-003
2.024414062500000e-001	6.778134e-001	3.741641e-003
2.034179687500000e-001	2.744220e+000	5.114689e-003
2.043945312500000e-001	4.745577e+000	6.367619e-003
2.053710937500000e-001	6.634782e+000	7.471006e-003
2.063476562500000e-001	8.367404e+000	8.398938e-003
2.073242187500000e-001	9.902712e+000	9.129622e-003
2.083007812500000e-001	1.120462e+001	9.645898e-003
2.092773437500000e-001	1.227108e+001	9.935642e-003
2.100677062426859e-001	1.294812e+001	9.999434e-003
2.104739436988013e-001	1.316785e+001	9.972301e-003
2.110155936402885e-001	1.330710e+001	9.873022e-003
2.116635213117312e-001	1.335759e+001	9.660535e-003
2.125136705927948e-001	1.334960e+001	9.230556e-003
2.134902330927948e-001	1.317079e+001	8.534407e-003
2.144667955927948e-001	1.263562e+001	7.637830e-003
2.154433580927948e-001	1.173950e+001	6.561878e-003
2.164199205927948e-001	1.056127e+001	5.331822e-003
2.173964830927948e-001	9.134161e+000	3.976548e-003
2.183730455927948e-001	7.491673e+000	2.527886e-003
2.193496080927948e-001	5.682428e+000	1.019857e-003
2.200000000000000e-001	4.408424e+000	-2.205602e-017
2.206835937500000e-001	2.988996e+000	-1.071724e-003
2.214648437500000e-001	1.332452e+000	-2.280721e-003
2.224414062500000e-001	-7.527820e-001	-3.741641e-003
2.234179687500000e-001	-2.819021e+000	-5.114689e-003
2.243945312500000e-001	-4.820259e+000	-6.367619e-003
2.253710937500000e-001	-6.709376e+000	-7.471006e-003
2.263476562500000e-001	-8.441930e+000	-8.398938e-003
2.273242187500000e-001	-9.977182e+000	-9.129622e-003
2.283007812500000e-001	-1.127905e+001	-9.645898e-003
2.292773437500000e-001	-1.234546e+001	-9.935642e-003
2.300677062426859e-001	-1.302247e+001	-9.999434e-003
2.304739436988013e-001	-1.322921e+001	-9.972301e-003
2.310155936402885e-001	-1.333464e+001	-9.873022e-003
2.316000638066208e-001	-1.336613e+001	-9.685807e-003
2.322122239764364e-001	-1.336800e+001	-9.402286e-003
2.331887864764364e-001	-1.327271e+001	-8.771539e-003
2.341653489764364e-001	-1.289224e+001	-7.934793e-003
2.351419114764364e-001	-1.212263e+001	-6.911700e-003
2.361184739764364e-001	-1.102707e+001	-5.726287e-003
2.370950364764364e-001	-9.673424e+000	-4.406392e-003
2.380715989764364e-001	-8.093486e+000	-2.983014e-003
2.390481614764364e-001	-6.325158e+000	-1.489580e-003
2.400000000000000e-001	-4.483498e+000	-1.469576e-017
2.406835937500000e-001	-3.063768e+000	1.071724e-003
2.414648437500000e-001	-1.406968e+000	2.280721e-003
2.424414062500000e-001	6.785040e-001	3.741641e-003
2.434179687500000e-001	2.744910e+000	5.114689e-003
2.443945312500000e-001	4.746266e+000	6.367619e-003
2.453710937500000e-001	6.635471e+000	7.471006e-003
2.463476562500000e-001	8.368093e+000	8.398938e-003
2.473242187500000e-001	9.903400e+000	9.129622e-003
2.483007812500000e-001	1.120531e+001	9.645898e-003
2.492773437500000e-001	1.227176e+001	9.935642e-003
2.500677062426859e-001	1.294881e+001	9.999434e-003
2.504739436988013e-001	1.316844e+001	9.972301e-003
2.510155936402885e-001	1.330741e+001	9.873022e-003
2.516620649225882e-001	1.335768e+001	9.661127e-003
2.525083529302862e-001	1.335010e+001	9.233766e-003
2.534849154302862e-001	1.317287e+001	8.538758e-003
2.544614779302862e-001	1.264006e+001	7.643219e-003
2.554380404302862e-001	1.174586e+001	6.568179e-003
2.564146029302862e-001	1.056908e+001	5.338886e-003
2.573911654302862e-001	9.143234e+000	3.984211e-003
2.583677279302862e-001	7.501818e+000	2.535967e-003
2.593442904302862e-001	5.693270e+000	1.028166e-003
2.600000000000000e-001	4.409116e+000	-1.960673e-017
2.606835937500000e-001	2.989686e+000	-1.071724e-003
2.614648437500000e-001	1.333140e+000	-2.280721e-003
2.624414062500000e-001	-7.520955e-001	-3.741641e-003
2.634179687500000e-001	-2.818335e+000	-5.114689e-003
2.643945312500000e-001	-4.819574e+000	-6.367619e-003
2.653710937500000e-001	-6.708693e+000	-7.471006e-003
2.663476562500000e-001	-8.441247e+000	-8.398938e-003
2.673242187500000e-001	-9.976501e+000	-9.129622e-003
2.683007812500000e-001	-1.127837e+001	-9.645898e-003
2.692773437500000e-001	-1.234478e+001	-9.935642e-003
2.700677062426860e-001	-1.302179e+001	-9.999434e-003
2.704739436988013e-001	-1.322869e+001	-9.972301e-003
2.710155936402885e-001	-1.333445e+001	-9.873022e-003
2.715994486702644e-001	-1.336606e+001	-9.686047e-003
2.722124540429037e-001	-1.336794e+001	-9.402163e-003
2.731890165429037e-001	-1.327244e+001	-8.771366e-003
2.741655790429037e-001	-1.289157e+001	-7.934573e-003
2.751421415429037e-001	-1.212172e+001	-6.911439e-003
2.761187040429037e-001	-1.102610e+001	-5.725991e-003
2.770952665429037e-001	-9.672398e+000	-4.406068e-003
2.780718290429037e-001	-8.092410e+000	-2.982669e-003
2.790483915429037e-001	-6.324050e+000	-1.489223e-003
2.800000000000000e-001	-4.482818e+000	5.390922e-017
2.806835937500000e-001	-3.063135e+000	1.071724e-003
2.814544920148703e-001	-1.428401e+000	2.264886e-003
2.824310545148703e-001	6.571234e-001	3.726556e-003
2.834076170148703e-001	2.723953e+000	5.100709e-003
2.843841795148703e-001	4.726244e+000	6.355072e-003
2.853607420148703e-001	6.616873e+000	7.460188e-003
2.863373045148703e-001	8.351373e+000	8.390102e-003
2.873138670148703e-001	9.888968e+000	9.122975e-003
2.882904295148703e-001	1.119352e+001	9.641596e-003
2.892669920148703e-001	1.226289e+001	9.933786e-003
2.900683565301952e-001	1.294992e+001	9.999423e-003
2.904784957113664e-001	1.317077e+001	9.971767e-003
2.910253479529281e-001	1.330890e+001	9.870577e-003
2.916718312138333e-001	1.335807e+001	9.657156e-003
2.925039801868164e-001	1.335065e+001	9.236401e-003
2.934805426868164e-001	1.317460e+001	8.542331e-003
2.944571051868164e-001	1.264378e+001	7.647646e-003
2.954336676868164e-001	1.175120e+001	6.573357e-003
2.964102301868164e-001	1.057560e+001	5.344693e-003
2.973867926868164e-001	9.150799e+000	3.990510e-003
2.983633551868164e-001	7.510264e+000	2.542611e-003
2.993399176868164e-001	5.702291e+000	1.034998e-003
3.000000000000000e-001	4.409795e+000	-1.715743e-017
3.006835937500000e-001	2.990363e+000	-1.071724e-003
3.014648437500000e-001	1.333815e+000	-2.280721e-003
3.024414062500000e-001	-7.514220e-001	-3.741641e-003
3.034179687500000e-001	-2.817663e+000	-5.114689e-003
3.043945312500000e-001	-4.818902e+000	-6.367619e-003
3.053710937500000e-001	-6.708021e+000	-7.471006e-003
3.063476562500000e-001	-8.440577e+000	-8.398938e-003
3.073242187500000e-001	-9.975830e+000	-9.129622e-003
3.083007812500000e-001	-1.127770e+001	-9.645898e-003
3.092773437500000e-001	-1.234411e+001	-9.935642e-003
3.100677062426859e-001	-1.302112e+001	-9.999434e-003
3.104739436988013e-001	-1.322818e+001	-9.972301e-003
3.110155936402885e-001	-1.333426e+001	-9.873022e-003
3.115988787053065e-001	-1.336599e+001	-9.686270e-003
3.122127351281313e-001	-1.336788e+001	-9.402012e-003
3.131892976281313e-001	-1.327216e+001	-8.771153e-003
3.141658601281313e-001	-1.289088e+001	-7.934305e-003
3.151424226281313e-001	-1.212078e+001	-6.911120e-003
3.161189851281313e-001	-1.102508e+001	-5.725628e-003
3.170955476281313e-001	-9.671308e+000	-4.405671e-003
3.180721101281313e-001	-8.091260e+000	-2.982248e-003
3.190486726281313e-001	-6.322861e+000	-1.488786e-003
3.200000000000000e-001	-4.482151e+000	-1.959435e-017
3.206835937500000e-001	-3.062599e+000	1.071724e-003
3.214258291368387e-001	-1.488957e+000	2.221009e-003
3.224023916368387e-001	5.966961e-001	3.684738e-003
3.233789541368387e-001	2.664670e+000	5.061931e-003
3.243555166368387e-001	4.669526e+000	6.320246e-003
3.253320791368387e-001	6.564073e+000	7.430130e-003
3.263086416368387e-001	8.303752e+000	8.365518e-003
3.272852041368387e-001	9.847663e+000	9.104444e-003
3.282617666368387e-001	1.115952e+001	9.629553e-003
3.292383291368387e-001	1.223695e+001	9.928513e-003
3.300701569881037e-001	1.295177e+001	9.999393e-003
3.304910989167258e-001	1.317613e+001	9.970261e-003
3.310523548215552e-001	1.331235e+001	9.863685e-003
3.317027158553752e-001	1.335893e+001	9.644448e-003
3.325080059355816e-001	1.335086e+001	9.233976e-003
3.334845684355816e-001	1.317368e+001	8.539042e-003
3.344611309355816e-001	1.264148e+001	7.643570e-003
3.354376934355816e-001	1.174757e+001	6.568590e-003
3.364142559355816e-001	1.057087e+001	5.339347e-003
3.373908184355816e-001	9.145113e+000	3.984711e-003
3.383673809355816e-001	7.503766e+000	2.536494e-003
3.393439434355816e-001	5.695263e+000	1.028708e-003
3.400000000000000e-001	4.410448e+000	-1.470814e-017
3.406835937500000e-001	2.991017e+000	-1.071724e-003
3.414648437500000e-001	1.334470e+000	-2.280721e-003
3.424414062500000e-001	-7.507660e-001	-3.741641e-003
3.434179687500000e-001	-2.817006e+000	-5.114689e-003
3.443945312500000e-001	-4.818246e+000	-6.367619e-003
3.453710937500000e-001	-6.707365e+000	-7.471006e-003
3.463476562500000e-001	-8.439920e+000	-8.398938e-003
3.473242187500000e-001	-9.975174e+000	-9.129622e-003
3.483007812500000e-001	-1.127704e+001	-9.645898e-003
3.492773437500000e-001	-1.234345e+001	-9.935642e-003
3.500677062426859e-001	-1.302047e+001	-9.999434e-003
3.504739436988013e-001	-1.322767e+001	-9.972301e-003
3.510155936402885e-001	-1.333407e+001	-9.873022e-003
3.515983517126668e-001	-1.336593e+001	-9.686476e-003
3.522130633375433e-001	-1.336782e+001	-9.401837e-003
3.531896258375433e-001	-1.327188e+001	-8.770905e-003
3.541661883375433e-001	-1.289017e+001	-7.933991e-003
3.551427508375433e-001	-1.211980e+001	-6.910747e-003
3.561193133375433e-001	-1.102401e+001	-5.725205e-003
3.570958758375433e-001	-9.670158e+000	-4.405208e-003
3.580724383375433e-001	-8.090042e+000	-2.981755e-003
3.590490008375433e-001	-6.321597e+000	-1.488276e-003
3.600000000000000e-001	-4.481496e+000	-2.204364e-017
3.606835937500000e-001	-3.062083e+000	1.071724e-003
3.613963626248729e-001	-1.551235e+000	2.175856e-003
3.623729251248729e-001	5.345209e-001	3.641670e-003
3.633494876248729e-001	2.603631e+000	5.021960e-003
3.643260501248729e-001	4.611083e+000	6.284309e-003
3.653026126248729e-001	6.509620e+000	7.399072e-003
3.662791751248729e-001	8.254586e+000	8.340069e-003
3.672557376248729e-001	9.804958e+000	9.085202e-003
3.682323001248729e-001	1.112430e+001	9.616968e-003
3.692088626248729e-001	1.221000e+001	9.922883e-003
3.700720077112665e-001	1.295364e+001	9.999360e-003
3.705040539788653e-001	1.318153e+001	9.968672e-003
3.710801156689971e-001	1.331568e+001	9.856415e-003
3.717364595512577e-001	1.335970e+001	9.630304e-003
3.725211563751442e-001	1.335047e+001	9.226027e-003
3.734977188751442e-001	1.316981e+001	8.528274e-003
3.744742813751442e-001	1.263259e+001	7.630235e-003
3.754508438751442e-001	1.173415e+001	6.553000e-003
3.764274063751442e-001	1.055391e+001	5.321870e-003
3.774039688751442e-001	9.125009e+000	3.965756e-003
3.783805313751442e-001	7.481010e+000	2.516508e-003
3.793570938751442e-001	5.670784e+000	1.008159e-003
3.800000000000000e-001	4.411075e+000	-1.225885e-017
3.806835937500000e-001	2.991649e+000	-1.071724e-003
3.814648437500000e-001	1.335106e+000	-2.280721e-003
3.824414062500000e-001	-7.501268e-001	-3.741641e-003
3.834179687500000e-001	-2.816365e+000	-5.114689e-003
3.843945312500000e-001	-4.817604e+000	-6.367619e-003
3.853710937500000e-001	-6.706722e+000	-7.471006e-003
3.863476562500000e-001	-8.439277e+000	-8.398938e-003
3.873242187500000e-001	-9.974531e+000	-9.129622e-003
3.883007812500000e-001	-1.127640e+001	-9.645898e-003
3.892773437500000e-001	-1.234281e+001	-9.935642e-003
3.900677062426859e-001	-1.301982e+001	-9.999434e-003
3.904739436988013e-001	-1.322718e+001	-9.972301e-003
3.910155936402885e-001	-1.333389e+001	-9.873022e-003
3.915978649954536e-001	-1.336587e+001	-9.686665e-003
3.922134351804896e-001	-1.336776e+001	-9.401638e-003
3.931899976804896e-001	-1.327159e+001	-8.770625e-003
3.941665601804896e-001	-1.288944e+001	-7.933635e-003
3.951431226804896e-001	-1.211880e+001	-6.910325e-003
3.961196851804896e-001	-1.102290e+001	-5.724727e-003
3.970962476804896e-001	-9.668957e+000	-4.404684e-003
3.980728101804896e-001	-8.088760e+000	-2.981198e-003
3.990493726804896e-001	-6.320263e+000	-1.487699e-003
4.000000000000000e-001	-4.480853e+000	4.656134e-017
4.006835937500000e-001	-3.061587e+000	1.071724e-003
4.013659721165925e-001	-1.615490e+000	2.129238e-003
4.023425346165925e-001	4.703416e-001	3.597169e-003
4.033190971165925e-001	2.540581e+000	4.980621e-003
4.042956596165925e-001	4.550666e+000	6.247104e-003
4.052722221165925e-001	6.453277e+000	7.366875e-003
4.062487846165925e-001	8.203659e+000	8.313635e-003
4.072253471165925e-001	9.760660e+000	9.065151e-003
4.082019096165925e-001	1.108768e+001	9.603773e-003
4.091784721165925e-001	1.218189e+001	9.916852e-003
4.100000000000000e-001	1.290614e+001	1.000000e-002
4.105174133900587e-001	1.318698e+001	9.966990e-003
4.111087429786972e-001	1.331888e+001	9.848723e-003
4.117733514265490e-001	1.336040e+001	9.614531e-003
4.125426134213541e-001	1.334945e+001	9.212973e-003
4.135191759213541e-001	1.316302e+001	8.510625e-003
4.144957384213541e-001	1.261751e+001	7.608405e-003
4.154723009213541e-001	1.171173e+001	6.527504e-003
4.164488634213541e-001	1.052570e+001	5.293305e-003
4.174254259213541e-001	9.091699e+000	3.934793e-003
4.184019884213541e-001	7.443391e+000	2.483873e-003
4.193785509213541e-001	5.630365e+000	9.746203e-004
4.200000000000000e-001	4.411684e+000	-9.809554e-018
4.206835937500000e-001	2.992264e+000	-1.071724e-003
4.214648437500000e-001	1.335726e+000	-2.280721e-003
4.224414062500000e-001	-7.495022e-001	-3.741641e-003
4.234179687500000e-001	-2.815738e+000	-5.114689e-003
4.243945312500000e-001	-4.816974e+000	-6.367619e-003
4.253710937500000e-001	-6.706091e+000	-7.471006e-003
4.263476562500000e-001	-8.438646e+000	-8.398938e-003
4.273242187500000e-001	-9.973900e+000	-9.129622e-003
4.283007812500000e-001	-1.127576e+001	-9.645898e-003
4.292773437500000e-001	-1.234218e+001	-9.935642e-003
4.300677062426859e-001	-1.301919e+001	-9.999434e-003
4.304739436988013e-001	-1.322669e+001	-9.972301e-003
4.310155936402885e-001	-1.333371e+001	-9.873022e-003
4.315974160200057e-001	-1.336580e+001	-9.686840e-003
4.322138474004070e-001	-1.336770e+001	-9.401417e-003
4.331904099004070e-001	-1.327130e+001	-8.770314e-003
4.341669724004070e-001	-1.288870e+001	-7.933241e-003
4.351435349004070e-001	-1.211776e+001	-6.909857e-003
4.361200974004070e-001	-1.102175e+001	-5.724196e-003
4.370966599004070e-001	-9.667706e+000	-4.404103e-003
4.380732224004070e-001	-8.087421e+000	-2.980580e-003
4.390497849004070e-001	-6.318867e+000	-1.487058e-003
4.400000000000000e-001	-4.480222e+000	4.411204e-017
4.406835937500000e-001	-3.061113e+000	1.071724e-003
4.413345140748682e-001	-1.682023e+000	2.080931e-003
4.423110765748682e-001	4.038519e-001	3.551019e-003
4.432876390748682e-001	2.475214e+000	4.937712e-003
4.442642015748682e-001	4.487979e+000	6.208443e-003
4.452407640748682e-001	6.394763e+000	7.333369e-003
4.462173265748682e-001	8.150709e+000	8.286073e-003
4.471938890748682e-001	9.714535e+000	9.044180e-003
4.481704515748682e-001	1.104948e+001	9.589884e-003
4.491470140748682e-001	1.215246e+001	9.910372e-003
4.500000000000000e-001	1.290680e+001	1.000000e-002
4.505312397379601e-001	1.319248e+001	9.965204e-003
4.511383708670572e-001	1.332198e+001	9.840552e-003
4.518138419199511e-001	1.336103e+001	9.596848e-003
4.525721206066376e-001	1.334765e+001	9.194850e-003
4.535486831066376e-001	1.315298e+001	8.486196e-003
4.545252456066376e-001	1.259613e+001	7.578246e-003
4.555018081066376e-001	1.168043e+001	6.492320e-003
4.564783706066376e-001	1.048647e+001	5.253924e-003
4.574549331066376e-001	9.045472e+000	3.892140e-003
4.584314956066376e-001	7.391270e+000	2.438950e-003
4.594080581066376e-001	5.574417e+000	9.284809e-004
4.600000000000000e-001	4.412280e+000	-7.841453e-017
4.606835937500000e-001	2.992867e+000	-1.071724e-003
4.614648437500000e-001	1.336334e+000	-2.280721e-003
4.624414062500000e-001	-7.488894e-001	-3.741641e-003
4.634179687500000e-001	-2.815122e+000	-5.114689e-003
4.643945312500000e-001	-4.816357e+000	-6.367619e-003
4.653710937500000e-001	-6.705473e+000	-7.471006e-003
4.663476562500000e-001	-8.438026e+000	-8.398938e-003
4.673242187500000e-001	-9.973280e+000	-9.129622e-003
4.683007812500000e-001	-1.127515e+001	-9.645898e-003
4.692773437500000e-001	-1.233982e+001	-9.935642e-003
4.699004880231846e-001	-1.286458e+001	-9.998778e-003
4.705630106960659e-001	-1.319492e+001	-9.960920e-003
4.715162998050717e-001	-1.335058e+001	-9.717690e-003
4.724928623050717e-001	-1.336052e+001	-9.243080e-003
4.734543742316265e-001	-1.321394e+001	-8.563629e-003
4.744309367316265e-001	-1.271979e+001	-7.674066e-003
4.754074992316265e-001	-1.184788e+001	-6.604278e-003
4.763840617316265e-001	-1.067934e+001	-5.379390e-003
4.773606242316265e-001	-9.260786e+000	-4.028167e-003
4.783371867316265e-001	-7.625525e+000	-2.582343e-003
4.793137492316265e-001	-5.811960e+000	-1.075874e-003
4.802903117316265e-001	-3.862679e+000	4.558626e-004
4.812668742316265e-001	-1.823459e+000	1.976893e-003
4.822434367316265e-001	2.578096e-001	3.451496e-003
4.832199992316265e-001	2.332250e+000	4.845042e-003
4.841965617316265e-001	4.351144e+000	6.124802e-003
4.851731242316265e-001	6.267080e+000	7.260722e-003
4.861496867316265e-001	8.035063e+000	8.226126e-003
4.871262492316265e-001	9.613571e+000	8.998339e-003
4.881028117316265e-001	1.096554e+001	9.559228e-003
4.890793742316265e-001	1.208475e+001	9.895620e-003
4.897145198644267e-001	1.265551e+001	9.989947e-003
4.904938322129758e-001	1.310672e+001	9.969929e-003
4.914038050606853e-001	1.332279e+001	9.757862e-003
4.923803675606853e-001	1.335458e+001	9.309073e-003
4.933569300606853e-001	1.321040e+001	8.641662e-003
4.943334925606853e-001	1.273108e+001	7.771302e-003
4.953100550606853e-001	1.188393e+001	6.718435e-003
4.962866175606853e-001	1.074197e+001	5.507786e-003
4.972631800606853e-001	9.346989e+000	4.167787e-003
4.982397425606853e-001	7.731734e+000	2.729908e-003
4.992163050606853e-001	5.934139e+000	1.227918e-003
5.001928675606853e-001	3.996418e+000	-3.029093e-004
5.011694300606853e-001	1.964077e+000	-1.826623e-003
5.021459925606853e-001	-1.151545e-001	-3.307439e-003
5.031225550606853e-001	-2.192447e+000	-4.710580e-003
5.040991175606853e-001	-4.219016e+000	-6.003094e-003
5.050756800606853e-001	-6.147266e+000	-7.154626e-003
5.060522425606853e-001	-7.931913e+000	-8.138132e-003
5.070288050606853e-001	-9.531044e+000	-8.930515e-003
5.080053675606853e-001	-1.090710e+001	-9.513168e-003
5.089819300606853e-001	-1.205380e+001	-9.872403e-003
5.096080097691935e-001	-1.263190e+001	-9.981049e-003
5.104541488942876e-001	-1.313226e+001	-9.974565e-003
5.113392570952194e-001	-1.333683e+001	-9.779537e-003
5.123158195952194e-001	-1.336375e+001	-9.345627e-003
5.132923820952194e-001	-1.325001e+001	-8.692238e-003
5.142689445952194e-001	-1.282504e+001	-7.834711e-003
5.152455070952194e-001	-1.201493e+001	-6.793188e-003
5.162220695952194e-001	-1.089068e+001	-5.592128e-003
5.171986320952194e-001	-9.511441e+000	-4.259737e-003
5.181751945952194e-001	-7.909598e+000	-2.827307e-003
5.191517570952194e-001	-6.122766e+000	-1.328478e-003
5.201283195952194e-001	-4.192904e+000	2.015503e-004
5.211048820952194e-001	-2.165333e+000	1.726845e-003
5.220814445952194e-001	-8.767113e-002	3.211585e-003
5.230580070952194e-001	1.991290e+000	4.620902e-003
5.240345695952194e-001	4.022727e+000	5.921697e-003
5.250111320952194e-001	5.958933e+000	7.083422e-003
5.259876945952194e-001	7.754436e+000	8.078793e-003
5.269642570952194e-001	9.367070e+000	8.884436e-003
5.279408195952194e-001	1.075896e+001	9.481428e-003
5.289173820952194e-001	1.192036e+001	9.855751e-003
5.295840155891263e-001	1.254467e+001	9.978659e-003
5.304452003484118e-001	1.307792e+001	9.975557e-003
5.313247000329398e-001	1.331443e+001	9.784287e-003
5.323012625329398e-001	1.335652e+001	9.353739e-003
5.332778250329398e-001	1.322938e+001	8.703521e-003
5.342543875329398e-001	1.278259e+001	7.848901e-003
5.352309500329398e-001	1.196509e+001	6.809951e-003
5.362075125329398e-001	1.084489e+001	5.611070e-003
5.371840750329398e-001	9.469260e+000	4.280414e-003
5.381606375329398e-001	7.870502e+000	2.849233e-003
5.391372000329398e-001	6.086157e+000	1.351138e-003
5.401137625329398e-001	4.158131e+000	-1.786883e-004
5.410903250329398e-001	2.131701e+000	-1.704318e-003
5.420668875329398e-001	5.445668e-002	-3.189922e-003
5.430434500329398e-001	-2.024817e+000	-4.600611e-003
5.440200125329398e-001	-4.057289e+000	-5.903255e-003
5.449965750329398e-001	-5.995227e+000	-7.067263e-003
5.459731375329398e-001	-7.793119e+000	-8.065296e-003
5.469497000329398e-001	-9.408740e+000	-8.873917e-003
5.479262625329398e-001	-1.080415e+001	-9.474136e-003
5.489028250329398e-001	-1.196881e+001	-9.851855e-003
5.495786035474922e-001	-1.260296e+001	-9.978101e-003
5.504431814411501e-001	-1.312538e+001	-9.975779e-003
5.513214156953591e-001	-1.333489e+001	-9.785351e-003
5.522979781953591e-001	-1.336391e+001	-9.355563e-003
5.532745406953591e-001	-1.325358e+001	-8.706059e-003
5.542511031953591e-001	-1.283573e+001	-7.852096e-003
5.552276656953591e-001	-1.203232e+001	-6.813728e-003
5.562042281953591e-001	-1.091300e+001	-5.615339e-003
5.571807906953591e-001	-9.538144e+000	-4.285076e-003
5.581573531953591e-001	-7.940047e+000	-2.854177e-003
5.591339156953591e-001	-6.156229e+000	-1.356249e-003
5.601104781953591e-001	-4.228583e+000	1.735300e-004
5.610870406953591e-001	-2.202377e+000	1.699234e-003
5.620636031953591e-001	-1.251949e-001	3.185032e-003
5.630401656953591e-001	1.954182e+000	4.596030e-003
5.640167281953591e-001	3.986920e+000	5.899090e-003
5.649932906953591e-001	5.925282e+000	7.063612e-003
5.659698531953591e-001	7.723744e+000	8.062245e-003
5.669464156953591e-001	9.340073e+000	8.871538e-003
5.679229781953591e-001	1.073631e+001	9.472484e-003
5.688995406953591e-001	1.190174e+001	9.850970e-003
5.695773824395516e-001	1.253880e+001	9.977973e-003
5.704427258928622e-001	1.307691e+001	9.975828e-003
5.713206746102131e-001	1.331417e+001	9.785591e-003
5.722972371102131e-001	1.335667e+001	9.355973e-003
5.732737996102131e-001	1.323051e+001	8.706632e-003
5.742503621102131e-001	1.278561e+001	7.852817e-003
5.752269246102131e-001	1.196973e+001	6.814579e-003
5.762034871102131e-001	1.085064e+001	5.616303e-003
5.771800496102131e-001	9.476003e+000	4.286128e-003
5.781566121102131e-001	7.878090e+000	2.855293e-003
5.791331746102131e-001	6.094428e+000	1.357403e-003
5.801097371102131e-001	4.166902e+000	-1.723661e-004
5.810862996102131e-001	2.140781e+000	-1.698087e-003
5.820628621102131e-001	6.364670e-002	-3.183929e-003
5.830394246102131e-001	-2.015720e+000	-4.594996e-003
5.840159871102131e-001	-4.048484e+000	-5.898151e-003
5.849925496102131e-001	-5.986907e+000	-7.062788e-003
5.859691121102131e-001	-7.785466e+000	-8.061556e-003
5.869456746102131e-001	-9.401920e+000	-8.871000e-003
5.879222371102131e-001	-1.079831e+001	-9.472110e-003
5.888987996102131e-001	-1.196388e+001	-9.850769e-003
5.895771069032284e-001	-1.262530e+001	-9.977945e-003
5.900865516196306e-001	-1.302891e+001	-9.999076e-003
5.906058613374149e-001	-1.326335e+001	-9.954749e-003
5.912326174965067e-001	-1.334904e+001	-9.813143e-003
5.919771910269488e-001	-1.336838e+001	-9.521576e-003
5.926816154343472e-001	-1.335355e+001	-9.125879e-003
5.936581779343472e-001	-1.315101e+001	-8.393960e-003
5.946347404343472e-001	-1.257118e+001	-7.464911e-003
5.956113029343472e-001	-1.162429e+001	-6.360549e-003
5.965878654343472e-001	-1.040110e+001	-5.106811e-003
5.975644279343472e-001	-8.934393e+000	-3.733140e-003
5.985409904343472e-001	-7.258597e+000	-2.271797e-003
5.995175529343472e-001	-5.427768e+000	-7.571009e-004
6.000408370929009e-001	-4.393297e+000	6.414631e-005
6.006125563935133e-001	-3.207511e+000	9.607173e-004
6.012659498799275e-001	-1.824847e+000	1.975470e-003
6.022425123799275e-001	2.600375e-001	3.450134e-003
6.032190748799275e-001	2.333635e+000	4.843771e-003
6.041956373799275e-001	4.352049e+000	6.123655e-003
6.051721998799275e-001	6.267750e+000	7.259724e-003
6.061487623799275e-001	8.035666e+000	8.225299e-003
6.071253248799275e-001	9.614229e+000	8.997706e-003
6.081018873799275e-001	1.096633e+001	9.558802e-003
6.090784498799275e-001	1.208834e+001	9.895410e-003
6.100000000000000e-001	1.290927e+001	1.000000e-002
6.105613650040269e-001	1.320490e+001	9.961148e-003
6.112029250086291e-001	1.332841e+001	9.822011e-003
6.119108356242315e-001	1.336219e+001	9.552912e-003
6.126566117867510e-001	1.334086e+001	9.141867e-003
6.136331742867510e-001	1.312083e+001	8.415243e-003
6.146097367867510e-001	1.253269e+001	7.490987e-003
6.155862992867510e-001	1.159003e+001	6.390807e-003
6.165628617867510e-001	1.037350e+001	5.140540e-003
6.175394242867510e-001	8.912641e+000	3.769548e-003
6.185159867867510e-001	7.241753e+000	2.310028e-003
6.194925492867510e-001	5.414101e+000	7.962579e-004
6.200000000000000e-001	4.414656e+000	-6.861736e-017
6.206835937500000e-001	2.995245e+000	-1.071724e-003
6.214648437500000e-001	1.338714e+000	-2.280721e-003
6.224414062500000e-001	-7.465079e-001	-3.741641e-003
6.234179687500000e-001	-2.812740e+000	-5.114689e-003
6.243945312500000e-001	-4.813975e+000	-6.367619e-003
6.253710937500000e-001	-6.703092e+000	-7.471006e-003
6.263476562500000e-001	-8.435646e+000	-8.398938e-003
6.273242187500000e-001	-9.970901e+000	-9.129622e-003
6.283007812500000e-001	-1.127277e+001	-9.645898e-003
6.292773437500000e-001	-1.233918e+001	-9.935642e-003
6.300677062426859e-001	-1.301620e+001	-9.999434e-003
6.304739436988014e-001	-1.322436e+001	-9.972301e-003
6.310155936402886e-001	-1.333284e+001	-9.873022e-003
6.315956540809679e-001	-1.336552e+001	-9.687527e-003
6.322164291479099e-001	-1.336742e+001	-9.400034e-003
6.331929916479099e-001	-1.326979e+001	-8.768365e-003
6.341695541479099e-001	-1.288480e+001	-7.930771e-003
6.351461166479099e-001	-1.211224e+001	-6.906925e-003
6.361226791479099e-001	-1.101551e+001	-5.720870e-003
6.370992416479099e-001	-9.660824e+000	-4.400461e-003
6.380758041479099e-001	-8.079990e+000	-2.976709e-003
6.390523666479099e-001	-6.311074e+000	-1.483048e-003
6.400000000000000e-001	-4.477224e+000	-3.918870e-017
6.401407886326340e-001	-4.188619e+000	2.213059e-004
6.402815772652679e-001	-3.898274e+000	4.422659e-004
6.404223658979019e-001	-3.606190e+000	6.628798e-004
6.405631545305359e-001	-3.312366e+000	8.831479e-004
6.407039431631699e-001	-3.016803e+000	1.103070e-003
6.408447317958038e-001	-2.719501e+000	1.322646e-003
6.409855204284378e-001	-2.420459e+000	1.541876e-003
6.419620829284378e-001	-3.389966e-001	3.033471e-003
6.429386454284378e-001	1.741745e+000	4.453824e-003
6.439152079284378e-001	3.781143e+000	5.769581e-003
6.448917704284378e-001	5.731202e+000	6.949839e-003
6.458683329284378e-001	7.546062e+000	7.966882e-003
6.468448954284378e-001	9.183060e+000	8.796822e-003
6.478214579284378e-001	1.060373e+001	9.420171e-003
6.487980204284378e-001	1.179195e+001	9.822289e-003
6.495396245577845e-001	1.252804e+001	9.973864e-003
6.500889010368787e-001	1.296867e+001	9.999025e-003
6.506223072581502e-001	1.322440e+001	9.952261e-003
6.513335155531790e-001	1.333715e+001	9.781417e-003
6.521648714466319e-001	1.336184e+001	9.427356e-003
6.529401413981401e-001	1.330287e+001	8.952358e-003
6.539167038981401e-001	1.298095e+001	8.166382e-003
6.548932663981401e-001	1.228974e+001	7.188620e-003
6.558698288981401e-001	1.126433e+001	6.042034e-003
6.568463913981401e-001	9.973665e+000	4.753551e-003
6.578229538981401e-001	8.448068e+000	3.353433e-003
6.587995163981401e-001	6.723360e+000	1.874559e-003
6.597760788981401e-001	4.861207e+000	3.516619e-004
6.602929687500001e-001	3.812668e+000	-4.600318e-004
6.606835937500001e-001	2.996192e+000	-1.071724e-003
6.614648437500000e-001	1.339555e+000	-2.280721e-003
6.624414062500000e-001	-7.457630e-001	-3.741641e-003
6.634179687500000e-001	-2.812058e+000	-5.114689e-003
6.643945312500000e-001	-4.813333e+000	-6.367619e-003
6.653710937500000e-001	-6.702475e+000	-7.471006e-003
6.663476562500000e-001	-8.435046e+000	-8.398938e-003
6.673242187500000e-001	-9.970310e+000	-9.129622e-003
6.683007812500000e-001	-1.127218e+001	-9.645898e-003
6.692773437500000e-001	-1.233860e+001	-9.935642e-003
6.700677062426860e-001	-1.301562e+001	-9.999434e-003
6.704739436988013e-001	-1.322391e+001	-9.972301e-003
6.710155936402885e-001	-1.333267e+001	-9.873022e-003
6.715953819668836e-001	-1.336547e+001	-9.687633e-003
6.722170360321946e-001	-1.336736e+001	-9.399709e-003
6.731935985321946e-001	-1.326948e+001	-8.767907e-003
6.741701610321946e-001	-1.288399e+001	-7.930190e-003
6.751467235321946e-001	-1.211107e+001	-6.906236e-003
6.761232860321946e-001	-1.101418e+001	-5.720088e-003
6.770998485321946e-001	-9.659339e+000	-4.399606e-003
6.780764110321946e-001	-8.078376e+000	-2.975798e-003
6.790529735321946e-001	-6.309375e+000	-1.482105e-003
6.800000000000001e-001	-4.476652e+000	2.941628e-017
6.801816912687773e-001	-4.103437e+000	2.857296e-004
6.803633825375546e-001	-3.727736e+000	5.707178e-004
6.805450738063318e-001	-3.349548e+000	8.549645e-004
6.807267650751090e-001	-2.968875e+000	1.138470e-003
6.809084563438862e-001	-2.585715e+000	1.421234e-003
6.810901476126635e-001	-2.200069e+000	1.703256e-003
6.812718388814407e-001	-1.811937e+000	1.984537e-003
6.822484013814407e-001	2.733475e-001	3.458814e-003
6.832249638814407e-001	2.346905e+000	4.851862e-003
6.842015263814407e-001	4.364934e+000	6.130965e-003
6.851780888814407e-001	6.279935e+000	7.266082e-003
6.861546513814407e-001	8.046868e+000	8.230557e-003
6.871312138814407e-001	9.624195e+000	9.001738e-003
6.881077763814407e-001	1.097484e+001	9.561514e-003
6.890843388814407e-001	1.209523e+001	9.896740e-003
6.900000000000000e-001	1.291039e+001	1.000000e-002
6.905587781289639e-001	1.320495e+001	9.961504e-003
6.911973817049227e-001	1.332835e+001	9.823643e-003
6.919012857855649e-001	1.336227e+001	9.557336e-003
6.926445391025273e-001	1.334242e+001	9.149536e-003
6.936211016025273e-001	1.312678e+001	8.425472e-003
6.945976641025273e-001	1.254342e+001	7.503537e-003
6.955742266025273e-001	1.160455e+001	6.405381e-003
6.965507891025273e-001	1.039123e+001	5.156797e-003
6.975273516025273e-001	8.933195e+000	3.787106e-003
6.985039141025273e-001	7.264673e+000	2.328475e-003
6.994804766025273e-001	5.438550e+000	8.151600e-004
7.000000000000000e-001	4.415787e+000	7.838978e-017
7.006835937500000e-001	2.996377e+000	-1.071724e-003
7.014648437500000e-001	1.339847e+000	-2.280721e-003
7.024414062500000e-001	-7.453752e-001	-3.741641e-003
7.034179687500000e-001	-2.811607e+000	-5.114689e-003
7.043945312500000e-001	-4.812842e+000	-6.367619e-003
7.053710937500000e-001	-6.701959e+000	-7.471006e-003
7.063476562500000e-001	-8.434514e+000	-8.398938e-003
7.073242187500000e-001	-9.969769e+000	-9.129622e-003
7.083007812500000e-001	-1.127164e+001	-9.645898e-003
7.092773437500000e-001	-1.233805e+001	-9.935642e-003
7.100677062426859e-001	-1.301507e+001	-9.999434e-003
7.104739436988014e-001	-1.322348e+001	-9.972301e-003
7.110155936402886e-001	-1.333251e+001	-9.873022e-003
7.115951423855177e-001	-1.336541e+001	-9.687726e-003
7.122176627617873e-001	-1.336731e+001	-9.399373e-003
7.131942252617873e-001	-1.326917e+001	-8.767433e-003
7.141707877617873e-001	-1.288318e+001	-7.929591e-003
7.151473502617873e-001	-1.210990e+001	-6.905524e-003
7.161239127617873e-001	-1.101283e+001	-5.719281e-003
7.171004752617873e-001	-9.657836e+000	-4.398721e-003
7.180770377617873e-001	-8.076739e+000	-2.974859e-003
7.190536002617873e-001	-6.307650e+000	-1.481132e-003
7.200087431389423e-001	-4.458276e+000	1.373369e-005
7.201661196399026e-001	-4.135326e+000	2.611501e-004
7.203234961408630e-001	-3.810333e+000	5.080760e-004
7.204808726418234e-001	-3.483297e+000	7.545115e-004
7.206382491427839e-001	-3.154216e+000	1.000456e-003
7.207956256437442e-001	-2.823093e+000	1.245911e-003
7.209530021447046e-001	-2.489926e+000	1.490875e-003
7.211103786456650e-001	-2.154715e+000	1.735349e-003
7.220869411456650e-001	-7.105482e-002	3.219760e-003
7.230635036456650e-001	2.007057e+000	4.628557e-003
7.240400661456650e-001	4.037632e+000	5.928652e-003
7.250166286456650e-001	5.972878e+000	7.089513e-003
7.259931911456650e-001	7.767280e+000	8.083879e-003
7.269697536456650e-001	9.378654e+000	8.888396e-003
7.279463161456650e-001	1.076913e+001	9.484169e-003
7.289228786456650e-001	1.192923e+001	9.857208e-003
7.295860590098853e-001	1.257311e+001	9.978868e-003
7.302579710700105e-001	1.307387e+001	9.991791e-003
7.306019324966910e-001	1.321924e+001	9.955334e-003
7.312898553500522e-001	1.333499e+001	9.795447e-003
7.320708369499479e-001	1.336252e+001	9.475593e-003
7.328288232920354e-001	1.331988e+001	9.028900e-003
7.338053857920354e-001	1.304007e+001	8.266048e-003
7.347819482920354e-001	1.238976e+001	7.309068e-003
7.357585107920354e-001	1.139625e+001	6.180435e-003
7.367350732920354e-001	1.013440e+001	4.906656e-003
7.377116357920354e-001	8.633863e+000	3.517645e-003
7.386881982920354e-001	6.929883e+000	2.046022e-003
7.396647607920354e-001	5.080953e+000	5.263492e-004
7.400000000000000e-001	4.416561e+000	9.784795e-018
7.406835937500000e-001	2.997094e+000	-1.071724e-003
7.414648437500000e-001	1.340516e+000	-2.280721e-003
7.424414062500000e-001	-7.447479e-001	-3.741641e-003
7.434179687500000e-001	-2.811008e+000	-5.114689e-003
7.443945312500000e-001	-4.812261e+000	-6.367619e-003
7.453710937500000e-001	-6.701389e+000	-7.471006e-003
7.463476562500000e-001	-8.433951e+000	-8.398938e-003
7.473242187500000e-001	-9.969211e+000	-9.129622e-003
7.483007812500000e-001	-1.127108e+001	-9.645898e-003
7.492773437500000e-001	-1.233749e+001	-9.935642e-003
7.500677062426859e-001	-1.301451e+001	-9.999434e-003
7.504739436988013e-001	-1.322305e+001	-9.972301e-003
7.510155936402885e-001	-1.333234e+001	-9.873022e-003
7.515949211381229e-001	-1.336536e+001	-9.687813e-003
7.522183136084183e-001	-1.336725e+001	-9.399025e-003
7.531948761084183e-001	-1.326886e+001	-8.766942e-003
7.541714386084183e-001	-1.288235e+001	-7.928968e-003
7.551480011084183e-001	-1.210871e+001	-6.904784e-003
7.561245636084183e-001	-1.101146e+001	-5.718442e-003
7.571011261084183e-001	-9.656305e+000	-4.397803e-003
7.580776886084183e-001	-8.075070e+000	-2.973882e-003
7.590542511084183e-001	-6.305891e+000	-1.480121e-003
7.600067517791630e-001	-4.461785e+000	1.060567e-005
7.601282838040958e-001	-4.212910e+000	2.016045e-004
7.602498158290285e-001	-3.962629e+000	3.923774e-004
7.603713478539613e-001	-3.710942e+000	5.829242e-004
7.604928798788941e-001	-3.457848e+000	7.732450e-004
7.606144119038270e-001	-3.203349e+000	9.633398e-004
7.607359439287597e-001	-2.947442e+000	1.153208e-003
7.608574759536925e-001	-2.690130e+000	1.342851e-003
7.617217036865478e-001	-8.510085e-001	2.671599e-003
7.626982661865478e-001	1.233492e+000	4.112661e-003
7.636748286865478e-001	3.287471e+000	5.457138e-003
7.646513911865478e-001	5.263808e+000	6.673455e-003
7.656279536865478e-001	7.116002e+000	7.733047e-003
7.666045161865478e-001	8.800499e+000	8.611029e-003
7.675810786865478e-001	1.027770e+001	9.286783e-003
7.685576411865478e-001	1.151290e+001	9.744437e-003
7.695342036865478e-001	1.251625e+001	9.973245e-003
7.700892407395324e-001	1.297017e+001	9.999017e-003
7.706246851767268e-001	1.322607e+001	9.951896e-003
7.713386110929860e-001	1.333777e+001	9.779749e-003
7.721799160550575e-001	1.336186e+001	9.419448e-003
7.729565750562182e-001	1.330079e+001	8.940825e-003
7.739331375562182e-001	1.297333e+001	8.151456e-003
7.749097000562182e-001	1.227644e+001	7.170651e-003
7.758862625562182e-001	1.124636e+001	6.021444e-003
7.768628250562182e-001	9.951487e+000	4.730825e-003
7.778393875562182e-001	8.422234e+000	3.329103e-003
7.788159500562182e-001	6.694514e+000	1.849197e-003
7.797925125562182e-001	4.830447e+000	3.258628e-004
7.802929687500001e-001	3.814369e+000	-4.600318e-004
7.806835937500001e-001	2.997886e+000	-1.071724e-003
7.814648437500000e-001	1.341239e+000	-2.280721e-003
7.824414062500000e-001	-7.440881e-001	-3.741641e-003
7.834179687500000e-001	-2.810389e+000	-5.114689e-003
7.843945312500000e-001	-4.811668e+000	-6.367619e-003
7.853710937500000e-001	-6.700814e+000	-7.471006e-003
7.863476562500000e-001	-8.433388e+000	-8.398938e-003
7.873242187500000e-001	-9.968654e+000	-9.129622e-003
7.883007812500000e-001	-1.127053e+001	-9.645898e-003
7.892773437500000e-001	-1.233695e+001	-9.935642e-003
7.900677062426860e-001	-1.301397e+001	-9.999434e-003
7.904739436988013e-001	-1.322262e+001	-9.972301e-003
7.910155936402885e-001	-1.333218e+001	-9.873022e-003
7.915947196861146e-001	-1.336531e+001	-9.687891e-003
7.922189913809721e-001	-1.336720e+001	-9.398661e-003
7.931955538809721e-001	-1.326854e+001	-8.766429e-003
7.941721163809721e-001	-1.288152e+001	-7.928319e-003
7.951486788809721e-001	-1.210750e+001	-6.904014e-003
7.961252413809721e-001	-1.101006e+001	-5.717569e-003
7.971018038809721e-001	-9.654739e+000	-4.396847e-003
7.980783663809721e-001	-8.073359e+000	-2.972866e-003
7.990549288809721e-001	-6.304085e+000	-1.479068e-003
8.000000000000000e-001	-4.474994e+000	9.312268e-017
8.001637116428498e-001	-4.139058e+000	2.573990e-004
8.003274232856997e-001	-3.800956e+000	5.142553e-004
8.004911349285495e-001	-3.460688e+000	7.705690e-004
8.006548465713994e-001	-3.118253e+000	1.026340e-003
8.008185582142492e-001	-2.773652e+000	1.281569e-003
8.009822698570991e-001	-2.426885e+000	1.536254e-003
8.011459814999489e-001	-2.077952e+000	1.790398e-003
8.021225439999489e-001	6.109364e-003	3.272657e-003
8.030991064999489e-001	2.083329e+000	4.678058e-003
8.040756689999489e-001	4.111248e+000	5.973595e-003
8.050522314999489e-001	6.042135e+000	7.128844e-003
8.060287939999489e-001	7.830578e+000	8.116673e-003
8.070053564999489e-001	9.434531e+000	8.913882e-003
8.079819189999489e-001	1.081630e+001	9.501751e-003
8.089584814999489e-001	1.196832e+001	9.866471e-003
8.095992938503145e-001	1.258650e+001	9.980198e-003
8.102554814663968e-001	1.307359e+001	9.991948e-003
8.105961234215925e-001	1.321829e+001	9.956191e-003
8.112774073319840e-001	1.333453e+001	9.799363e-003
8.120465672258574e-001	1.336269e+001	9.487707e-003
8.127996048822834e-001	1.332428e+001	9.048535e-003
8.137761673822834e-001	1.305562e+001	8.291790e-003
8.147527298822834e-001	1.241615e+001	7.340314e-003
8.157292923822834e-001	1.143109e+001	6.216451e-003
8.167058548822834e-001	1.017686e+001	4.946596e-003
8.176824173822834e-001	8.682981e+000	3.560571e-003
8.186589798822834e-001	6.984529e+000	2.090926e-003
8.196355423822834e-001	5.139138e+000	5.721760e-004
8.200000000000000e-001	4.417583e+000	1.567919e-016
8.206835937500000e-001	2.998130e+000	-1.071724e-003
8.214648437500000e-001	1.341564e+000	-2.280721e-003
8.224414062500000e-001	-7.436895e-001	-3.741641e-003
8.234179687500000e-001	-2.809943e+000	-5.114689e-003
8.243945312500000e-001	-4.811192e+000	-6.367619e-003
8.253710937500000e-001	-6.700317e+000	-7.471006e-003
8.263476562500000e-001	-8.432878e+000	-8.398938e-003
8.273242187500000e-001	-9.968137e+000	-9.129622e-003
8.283007812500000e-001	-1.127001e+001	-9.645898e-003
8.292773437500000e-001	-1.233469e+001	-9.935642e-003
8.299004880231845e-001	-1.285995e+001	-9.998778e-003
8.305630106960660e-001	-1.319177e+001	-9.960920e-003
8.315162998050717e-001	-1.334947e+001	-9.717690e-003
8.324928623050717e-001	-1.335984e+001	-9.243080e-003
8.334562228614355e-001	-1.321132e+001	-8.562129e-003
8.344327853614355e-001	-1.271437e+001	-7.672204e-003
8.354093478614355e-001	-1.184081e+001	-6.602097e-003
8.363859103614355e-001	-1.067177e+001	-5.376942e-003
8.373624728614355e-001	-9.252769e+000	-4.025509e-003
8.383390353614355e-001	-7.617136e+000	-2.579538e-003
8.393155978614355e-001	-5.803274e+000	-1.072987e-003
8.402921603614355e-001	-3.853781e+000	4.587634e-004
8.412687228614355e-001	-1.814438e+000	1.979739e-003
8.422452853614355e-001	2.668617e-001	3.454222e-003
8.432218478614355e-001	2.341240e+000	4.847582e-003
8.441984103614355e-001	4.359982e+000	6.127097e-003
8.451749728614355e-001	6.275677e+000	7.262719e-003
8.461515353614355e-001	8.043337e+000	8.227776e-003
8.471280978614355e-001	9.621448e+000	8.999606e-003
8.481046603614355e-001	1.097295e+001	9.560080e-003
8.490812228614355e-001	1.209156e+001	9.896037e-003
8.497175299762667e-001	1.266295e+001	9.990158e-003
8.504949528970962e-001	1.311137e+001	9.969792e-003
8.514056277691456e-001	1.332464e+001	9.757236e-003
8.523821902691456e-001	1.335526e+001	9.308027e-003
8.533587527691456e-001	1.321208e+001	8.640220e-003
8.543353152691456e-001	1.273406e+001	7.769500e-003
8.553118777691456e-001	1.188712e+001	6.716314e-003
8.562884402691456e-001	1.074466e+001	5.505396e-003
8.572650027691456e-001	9.349236e+000	4.165184e-003
8.582415652691456e-001	7.733603e+000	2.727154e-003
8.592181277691456e-001	5.935703e+000	1.225077e-003
8.601946902691456e-001	3.997761e+000	-3.057711e-004
8.611712527691456e-001	1.965285e+000	-1.829438e-003
8.621478152691456e-001	-1.139914e-001	-3.310141e-003
8.631243777691456e-001	-2.191237e+000	-4.713106e-003
8.641009402691456e-001	-4.217668e+000	-6.005383e-003
8.650775027691456e-001	-6.145694e+000	-7.156626e-003
8.660540652691456e-001	-7.930035e+000	-8.139796e-003
8.670306277691456e-001	-9.528786e+000	-8.931804e-003
8.680071902691456e-001	-1.090440e+001	-9.514050e-003
8.689837527691456e-001	-1.205069e+001	-9.872858e-003
8.696086872594409e-001	-1.262762e+001	-9.981114e-003
8.704544015101539e-001	-1.312875e+001	-9.974537e-003
8.713396680303874e-001	-1.333537e+001	-9.779402e-003
8.723162305303874e-001	-1.336324e+001	-9.345398e-003
8.732927930303874e-001	-1.324817e+001	-8.691918e-003
8.742693555303874e-001	-1.282080e+001	-7.834311e-003
8.752459180303874e-001	-1.200948e+001	-6.792714e-003
8.762224805303874e-001	-1.088513e+001	-5.591593e-003
8.771990430303874e-001	-9.505789e+000	-4.259153e-003
8.781756055303874e-001	-7.903862e+000	-2.826688e-003
8.791521680303874e-001	-6.116962e+000	-1.327838e-003
8.801287305303874e-001	-4.187051e+000	2.021957e-004
8.811052930303874e-001	-2.159452e+000	1.727481e-003
8.820818555303874e-001	-8.178142e-002	3.212197e-003
8.830584180303874e-001	1.997168e+000	4.621474e-003
8.840349805303874e-001	4.028573e+000	5.922217e-003
8.850115430303874e-001	5.964726e+000	7.083877e-003
8.859881055303874e-001	7.760159e+000	8.079174e-003
8.869646680303874e-001	9.372705e+000	8.884732e-003
8.879412305303874e-001	1.076450e+001	9.481633e-003
8.889177930303874e-001	1.192580e+001	9.855860e-003
8.895841683618023e-001	1.254980e+001	9.978675e-003
8.904452573359588e-001	1.308183e+001	9.975552e-003
8.913247927392882e-001	1.331613e+001	9.784256e-003
8.923013552392882e-001	1.335716e+001	9.353688e-003
8.932779177392882e-001	1.323128e+001	8.703449e-003
8.942544802392882e-001	1.278656e+001	7.848810e-003
8.952310427392882e-001	1.196997e+001	6.809844e-003
8.962076052392882e-001	1.084975e+001	5.610949e-003
8.971841677392882e-001	9.474095e+000	4.280282e-003
8.981607302392882e-001	7.875316e+000	2.849093e-003
8.991372927392882e-001	6.090953e+000	1.350994e-003
9.001138552392882e-001	4.162913e+000	-1.788339e-004
9.010904177392882e-001	2.136474e+000	-1.704461e-003
9.020669802392882e-001	5.922505e-002	-3.190060e-003
9.030435427392882e-001	-2.020049e+000	-4.600741e-003
9.040201052392882e-001	-4.052516e+000	-5.903373e-003
9.049966677392882e-001	-5.990446e+000	-7.067366e-003
9.059732302392882e-001	-7.788324e+000	-8.065382e-003
9.069497927392882e-001	-9.403929e+000	-8.873984e-003
9.079263552392882e-001	-1.079932e+001	-9.474183e-003
9.089029177392882e-001	-1.196396e+001	-9.851880e-003
9.095786380151696e-001	-1.259814e+001	-9.978104e-003
9.104431942995702e-001	-1.312176e+001	-9.975777e-003
9.113214366133935e-001	-1.333340e+001	-9.785344e-003
9.122979991133935e-001	-1.336343e+001	-9.355551e-003
9.132745616133935e-001	-1.325186e+001	-8.706043e-003
9.142511241133935e-001	-1.283182e+001	-7.852076e-003
9.152276866133935e-001	-1.202736e+001	-6.813704e-003
9.162042491133935e-001	-1.090803e+001	-5.615312e-003
9.171808116133935e-001	-9.533180e+000	-4.285046e-003
9.181573741133935e-001	-7.935081e+000	-2.854146e-003
9.191339366133935e-001	-6.151262e+000	-1.356217e-003
9.201104991133935e-001	-4.223615e+000	1.735629e-004
9.210870616133935e-001	-2.197409e+000	1.699266e-003
9.220636241133935e-001	-1.202288e-001	3.185063e-003
9.230401866133935e-001	1.959145e+000	4.596059e-003
9.240167491133935e-001	3.991880e+000	5.899117e-003
9.249933116133935e-001	5.930237e+000	7.063635e-003
9.259698741133935e-001	7.728694e+000	8.062265e-003
9.269464366133935e-001	9.345016e+000	8.871553e-003
9.279229991133935e-001	1.074124e+001	9.472494e-003
9.288995616133935e-001	1.190667e+001	9.850975e-003
9.295773902168859e-001	1.254370e+001	9.977974e-003
9.304427287943164e-001	1.308071e+001	9.975828e-003
9.313206793302984e-001	1.331583e+001	9.785590e-003
9.322972418302984e-001	1.335729e+001	9.355971e-003
9.332738043302984e-001	1.323240e+001	8.706628e-003
9.342503668302984e-001	1.278956e+001	7.852812e-003
9.352269293302984e-001	1.197461e+001	6.814574e-003
9.362034918302984e-001	1.085552e+001	5.616297e-003
9.371800543302984e-001	9.480884e+000	4.286121e-003
9.381566168302984e-001	7.882967e+000	2.855286e-003
9.391331793302984e-001	6.099302e+000	1.357395e-003
9.401097418302984e-001	4.171774e+000	-1.723735e-004
9.410863043302984e-001	2.145650e+000	-1.698094e-003
9.420628668302984e-001	6.851356e-002	-3.183936e-003
9.430394293302984e-001	-2.010855e+000	-4.595003e-003
9.440159918302984e-001	-4.043621e+000	-5.898156e-003
9.449925543302984e-001	-5.982046e+000	-7.062793e-003
9.459691168302984e-001	-7.780606e+000	-8.061561e-003
9.469456793302984e-001	-9.397061e+000	-8.871004e-003
9.479222418302984e-001	-1.079345e+001	-9.472113e-003
9.488988043302984e-001	-1.195903e+001	-9.850770e-003
9.495771086581649e-001	-1.259616e+001	-9.977945e-003
9.504426237542447e-001	-1.312106e+001	-9.975839e-003
9.513205084510961e-001	-1.333315e+001	-9.785645e-003
9.522970709510961e-001	-1.336340e+001	-9.356066e-003
9.532736334510961e-001	-1.325189e+001	-8.706761e-003
9.542501959510961e-001	-1.283200e+001	-7.852979e-003
9.552267584510961e-001	-1.202779e+001	-6.814770e-003
9.562033209510961e-001	-1.090873e+001	-5.616519e-003
9.571798834510961e-001	-9.534101e+000	-4.286363e-003
9.581564459510961e-001	-7.936197e+000	-2.855543e-003
9.591330084510961e-001	-6.152536e+000	-1.357661e-003
9.601095709510961e-001	-4.225005e+000	1.721052e-004
9.610861334510961e-001	-2.198871e+000	1.697830e-003
9.620626959510961e-001	-1.217161e-001	3.183681e-003
9.630392584510961e-001	1.957679e+000	4.594764e-003
9.640158209510961e-001	3.990480e+000	5.897940e-003
9.649923834510961e-001	5.928949e+000	7.062603e-003
9.659689459510961e-001	7.727560e+000	8.061402e-003
9.669455084510961e-001	9.344074e+000	8.870880e-003
9.679220709510961e-001	1.074053e+001	9.472026e-003
9.688986334510961e-001	1.190617e+001	9.850724e-003
9.695770451249292e-001	1.254386e+001	9.977939e-003
9.704426000520634e-001	1.308102e+001	9.975842e-003
9.713204698923741e-001	1.331598e+001	9.785657e-003
9.722970323923741e-001	1.335736e+001	9.356087e-003
9.732735948923741e-001	1.323263e+001	8.706790e-003
9.742501573923741e-001	1.279008e+001	7.853016e-003
9.752267198923741e-001	1.197532e+001	6.814815e-003
9.762032823923741e-001	1.085629e+001	5.616568e-003
9.771798448923741e-001	9.481695e+000	4.286418e-003
9.781564073923741e-001	7.883823e+000	2.855601e-003
9.791329698923741e-001	6.100193e+000	1.357721e-003
9.801095323923741e-001	4.172691e+000	-1.720446e-004
9.810860948923741e-001	2.146583e+000	-1.697770e-003
9.820626573923741e-001	6.945223e-002	-3.183624e-003
9.830392198923741e-001	-2.009921e+000	-4.594710e-003
9.840157823923741e-001	-4.042703e+000	-5.897891e-003
9.849923448923741e-001	-5.981153e+000	-7.062560e-003
9.859689073923741e-001	-7.779748e+000	-8.061366e-003
9.869454698923741e-001	-9.396247e+000	-8.870852e-003
9.879220323923741e-001	-1.079269e+001	-9.472007e-003
9.888985948923741e-001	-1.195831e+001	-9.850713e-003
9.895770307887098e-001	-1.259560e+001	-9.977937e-003
9.904425947036831e-001	-1.312068e+001	-9.975843e-003
9.913204611916255e-001	-1.333299e+001	-9.785660e-003
9.922970236916255e-001	-1.336335e+001	-9.356092e-003
9.932735861916255e-001	-1.325173e+001	-8.706797e-003
9.942501486916255e-001	-1.283165e+001	-7.853025e-003
9.952267111916255e-001	-1.202735e+001	-6.814825e-003
9.962032736916255e-001	-1.090830e+001	-5.616580e-003
9.971798361916255e-001	-9.533686e+000	-4.286430e-003
9.981563986916255e-001	-7.935791e+000	-2.855615e-003
9.991329611916255e-001	-6.155667e+000	-1.357735e-003
1.000000000000000e+000	-4.472075e+000	9.821933e-018
