time	vout	vin
0.000000000000000e+000	7.213645e-004	0.000000e+000
2.249944514406385e-005	7.213652e-004	3.534266e-003
4.499889028812770e-005	7.213254e-004	7.068392e-003
6.749833543219154e-005	7.212452e-004	1.060238e-002
8.999778057625539e-005	7.211246e-004	1.413622e-002
1.124972257203192e-004	7.209634e-004	1.766992e-002
1.349966708643831e-004	7.207618e-004	2.120349e-002
1.574961160084469e-004	7.205197e-004	2.473691e-002
2.680423384849821e-004	7.189859e-004	4.209155e-002
4.322590970857874e-004	7.154295e-004	6.784694e-002
6.499410554638818e-004	7.085571e-004	1.019152e-001
9.486573568966393e-004	6.955558e-004	1.484639e-001
1.334313169555951e-003	6.735367e-004	2.080622e-001
1.847212774433185e-003	6.368357e-004	2.861051e-001
2.511803452075329e-003	5.799597e-004	3.843957e-001
3.401146309114597e-003	4.937095e-004	5.091964e-001
4.377708809114598e-003	3.925025e-004	6.347221e-001
5.354271309114598e-003	2.903076e-004	7.453415e-001
6.330833809114598e-003	1.925251e-004	8.384567e-001
7.307396309114598e-003	1.035468e-004	9.118808e-001
8.283958809114598e-003	2.680052e-005	9.638895e-001
9.260521309114598e-003	-3.674298e-005	9.932613e-001
1.006876300350983e-002	-7.808911e-005	9.999416e-001
1.048134102456877e-002	-9.242229e-005	9.971430e-001
1.103144505264737e-002	-1.052820e-004	9.869036e-001
1.200800755264737e-002	-1.143358e-004	9.506671e-001
1.298457005264737e-002	-1.060234e-004	8.921043e-001
1.396113255264737e-002	-7.837675e-005	8.125905e-001
1.493769505264737e-002	-3.198633e-005	7.139931e-001
1.591425755264737e-002	3.209192e-005	5.986277e-001
1.689082005264737e-002	1.123702e-004	4.692037e-001
1.786738255264737e-002	2.069699e-004	3.287604e-001
1.884394505264737e-002	3.136700e-004	1.805963e-001
1.982050755264737e-002	4.286079e-004	2.819087e-002
2.000000000000000e-002	4.506147e-004	1.224647e-016
2.029296875000000e-002	4.877182e-004	-4.600318e-002
2.068359375000000e-002	5.379425e-004	-1.071724e-001
2.146484375000000e-002	6.398222e-004	-2.280721e-001
2.244140625000000e-002	7.680234e-004	-3.741641e-001
2.341796875000000e-002	8.950080e-004	-5.114688e-001
2.439453125000000e-002	1.017951e-003	-6.367618e-001
2.537109375000000e-002	1.133963e-003	-7.471006e-001
2.634765625000000e-002	1.240325e-003	-8.398938e-001
2.732421875000000e-002	1.334545e-003	-9.129622e-001
2.830078125000000e-002	1.414419e-003	-9.645898e-001
2.927734375000000e-002	1.479828e-003	-9.935641e-001
3.006770624268590e-002	1.521343e-003	-9.999434e-001
3.047394369880129e-002	1.535881e-003	-9.972301e-001
3.101559364028848e-002	1.549069e-003	-9.873022e-001
3.199215614028848e-002	1.558986e-003	-9.514365e-001
3.296871864028848e-002	1.551458e-003	-8.932265e-001
3.394528114028848e-002	1.524518e-003	-8.140392e-001
3.492184364028848e-002	1.478790e-003	-7.157342e-001
3.589840614028848e-002	1.415343e-003	-6.006204e-001
3.687496864028848e-002	1.335655e-003	-4.714011e-001
3.785153114028848e-002	1.241590e-003	-3.311110e-001
3.882809364028848e-002	1.135345e-003	-1.830447e-001
3.980465614028848e-002	1.020756e-003	-3.067973e-002
4.001389942726560e-002	9.951182e-004	2.183315e-003
4.018069255445273e-002	9.740739e-004	2.840782e-002
4.034748568163986e-002	9.528929e-004	5.457345e-002
4.051427880882699e-002	9.315752e-004	8.068021e-002
4.068107193601413e-002	9.101208e-004	1.067281e-001
4.084786506320126e-002	8.885298e-004	1.327171e-001
4.101465819038839e-002	8.668021e-004	1.586472e-001
4.118145131757552e-002	8.449377e-004	1.845185e-001
4.215801381757552e-002	7.168012e-004	3.325253e-001
4.313457631757552e-002	5.891385e-004	4.727228e-001
4.411113881757552e-002	4.645785e-004	6.018185e-001
4.508770131757552e-002	3.460582e-004	7.167805e-001
4.606426381757552e-002	2.363730e-004	8.149091e-001
4.704082631757552e-002	1.381105e-004	8.938996e-001
4.801738881757552e-002	5.358984e-005	9.518970e-001
4.899395131757552e-002	-1.683160e-005	9.875393e-001
4.961247796615246e-002	-5.332685e-005	9.981479e-001
5.025300108021181e-002	-8.252916e-005	9.992104e-001
5.059033585382754e-002	-9.334757e-005	9.957037e-001
5.126500540105902e-002	-1.075350e-004	9.803227e-001
5.224156790105902e-002	-1.131187e-004	9.386489e-001
5.321813040105902e-002	-1.005333e-004	8.749312e-001
5.419469290105902e-002	-6.857335e-005	7.906657e-001
5.517125540105902e-002	-1.799330e-005	6.878315e-001
5.614781790105902e-002	5.001242e-005	5.688438e-001
5.712438040105902e-002	1.338382e-004	4.364968e-001
5.810094290105902e-002	2.315061e-004	2.938988e-001
5.907750540105902e-002	3.406052e-004	1.443985e-001
6.000000000000000e-002	4.505801e-004	3.673940e-016
6.029296875000000e-002	4.876826e-004	-4.600318e-002
6.068359375000000e-002	5.379060e-004	-1.071724e-001
6.146484375000000e-002	6.397844e-004	-2.280721e-001
6.244140625000000e-002	7.679844e-004	-3.741641e-001
6.341796875000000e-002	8.949682e-004	-5.114688e-001
6.439453125000000e-002	1.017910e-003	-6.367618e-001
6.537109375000000e-002	1.133923e-003	-7.471006e-001
6.634765625000000e-002	1.240285e-003	-8.398938e-001
6.732421875000000e-002	1.334504e-003	-9.129622e-001
6.830078125000000e-002	1.414378e-003	-9.645898e-001
6.927734375000000e-002	1.479788e-003	-9.935641e-001
7.006770624268591e-002	1.521302e-003	-9.999434e-001
7.047394369880131e-002	1.535840e-003	-9.972301e-001
7.101559364028849e-002	1.549028e-003	-9.873022e-001
7.199215614028849e-002	1.558945e-003	-9.514365e-001
7.296871864028849e-002	1.551418e-003	-8.932265e-001
7.394528114028849e-002	1.524477e-003	-8.140392e-001
7.492184364028849e-002	1.478750e-003	-7.157342e-001
7.589840614028849e-002	1.415302e-003	-6.006204e-001
7.687496864028849e-002	1.335614e-003	-4.714011e-001
7.785153114028849e-002	1.241549e-003	-3.311110e-001
7.882809364028849e-002	1.135305e-003	-1.830447e-001
7.980465614028849e-002	1.020715e-003	-3.067973e-002
8.001897546371647e-002	9.944414e-004	2.980654e-003
8.024668102831410e-002	9.656063e-004	3.881120e-002
8.047438659291174e-002	9.365697e-004	7.449220e-002
8.070209215750937e-002	9.073316e-004	1.100237e-001
8.092979772210701e-002	8.778920e-004	1.454056e-001
8.115750328670464e-002	8.482509e-004	1.806380e-001
8.138520885130228e-002	8.184083e-004	2.157209e-001
8.161291441589991e-002	7.883643e-004	2.506542e-001
8.258947691589991e-002	6.601566e-004	3.956303e-001
8.356603941589991e-002	5.334997e-004	5.313151e-001
8.454260191589991e-002	4.112550e-004	6.545220e-001
8.551916441589991e-002	2.963058e-004	7.623576e-001
8.649572691589991e-002	1.913637e-004	8.522893e-001
8.747228941589991e-002	9.890518e-005	9.222050e-001
8.844885191589991e-002	2.111301e-005	9.704630e-001
8.942541441589991e-002	-4.206791e-005	9.959297e-001
9.009605328155790e-002	-7.653108e-005	9.998862e-001
9.067237297090530e-002	-9.549972e-005	9.944278e-001
9.144079922336851e-002	-1.098132e-004	9.744987e-001
9.241736172336851e-002	-1.123268e-004	9.287691e-001
9.339392422336851e-002	-9.622443e-005	8.612275e-001
9.437048672336851e-002	-6.084769e-005	7.734600e-001
9.534704922336851e-002	-7.032686e-006	6.675280e-001
9.632361172336851e-002	6.394920e-005	5.459191e-001
9.730017422336851e-002	1.504219e-004	4.114894e-001
9.827673672336851e-002	2.503449e-004	2.673959e-001
9.925329922336851e-002	3.609202e-004	1.170227e-001
1.000000000000000e-001	4.505841e-004	-1.164033e-015
1.002929687500000e-001	4.876811e-004	-4.600318e-002
1.006835937500000e-001	5.378984e-004	-1.071724e-001
1.014648437500000e-001	6.397674e-004	-2.280721e-001
1.024414062500000e-001	7.679590e-004	-3.741641e-001
1.034179687500000e-001	8.949373e-004	-5.114688e-001
1.043945312500000e-001	1.017876e-003	-6.367618e-001
1.053710937500000e-001	1.133886e-003	-7.471006e-001
1.063476562500000e-001	1.240246e-003	-8.398938e-001
1.073242187500000e-001	1.334465e-003	-9.129622e-001
1.083007812500000e-001	1.414338e-003	-9.645898e-001
1.092773437500000e-001	1.479748e-003	-9.935641e-001
1.100677062426859e-001	1.521262e-003	-9.999434e-001
1.104739436988013e-001	1.535800e-003	-9.972301e-001
1.110155936402885e-001	1.548988e-003	-9.873022e-001
1.119921561402885e-001	1.558905e-003	-9.514365e-001
1.129687186402885e-001	1.551377e-003	-8.932265e-001
1.139452811402885e-001	1.524436e-003	-8.140392e-001
1.149218436402885e-001	1.478709e-003	-7.157342e-001
1.158984061402885e-001	1.415261e-003	-6.006204e-001
1.168749686402885e-001	1.335574e-003	-4.714011e-001
1.178515311402885e-001	1.241509e-003	-3.311110e-001
1.188280936402885e-001	1.135264e-003	-1.830447e-001
1.198046561402885e-001	1.020675e-003	-3.067973e-002
1.200172213510939e-001	9.946199e-004	2.705120e-003
1.201697533179259e-001	9.753829e-004	2.668370e-002
1.203222852847579e-001	9.560263e-004	5.061674e-002
1.204748172515899e-001	9.365501e-004	7.450426e-002
1.206273492184219e-001	9.169545e-004	9.834625e-002
1.207798811852539e-001	8.972393e-004	1.221427e-001
1.209324131520859e-001	8.774045e-004	1.458936e-001
1.210849451189179e-001	8.574502e-004	1.695990e-001
1.220615076189179e-001	7.293983e-004	3.181911e-001
1.230380701189179e-001	6.015892e-004	4.593106e-001
1.240146326189179e-001	4.765881e-004	5.896432e-001
1.249911951189179e-001	3.573425e-004	7.061281e-001
1.259677576189179e-001	2.466643e-004	8.060297e-001
1.269443201189179e-001	1.471644e-004	8.870018e-001
1.279208826189179e-001	6.119097e-005	9.471428e-001
1.288974451189179e-001	-1.057996e-005	9.850402e-001
1.295766032990355e-001	-5.135727e-005	9.977892e-001
1.302597495764329e-001	-8.284697e-005	9.991677e-001
1.306060823450100e-001	-9.385131e-005	9.954716e-001
1.312987478821643e-001	-1.080973e-004	9.792627e-001
1.322753103821643e-001	-1.130908e-004	9.368079e-001
1.332518728821643e-001	-9.982887e-005	8.723522e-001
1.342284353821643e-001	-6.721072e-005	7.874095e-001
1.352049978821643e-001	-1.600639e-005	6.839746e-001
1.361815603821643e-001	5.257488e-005	5.644767e-001
1.371581228821643e-001	1.369139e-004	4.317220e-001
1.381346853821643e-001	2.350206e-004	2.888285e-001
1.391112478821643e-001	3.444077e-004	1.391518e-001
1.400000000000000e-001	4.505104e-004	-2.695461e-015
1.402929687500000e-001	4.876116e-004	-4.600318e-002
1.406835937500000e-001	5.378335e-004	-1.071724e-001
1.414648437500000e-001	6.397097e-004	-2.280721e-001
1.424414062500000e-001	7.679077e-004	-3.741641e-001
1.434179687500000e-001	8.948902e-004	-5.114688e-001
1.443945312500000e-001	1.017831e-003	-6.367618e-001
1.453710937500000e-001	1.133843e-003	-7.471006e-001
1.463476562500000e-001	1.240205e-003	-8.398938e-001
1.473242187500000e-001	1.334425e-003	-9.129622e-001
1.483007812500000e-001	1.414298e-003	-9.645898e-001
1.492773437500000e-001	1.479708e-003	-9.935641e-001
1.500677062426859e-001	1.521222e-003	-9.999434e-001
1.504739436988013e-001	1.535760e-003	-9.972301e-001
1.510155936402885e-001	1.548948e-003	-9.873022e-001
1.519921561402885e-001	1.558865e-003	-9.514365e-001
1.529687186402885e-001	1.551338e-003	-8.932265e-001
1.539452811402885e-001	1.524397e-003	-8.140392e-001
1.549218436402885e-001	1.478670e-003	-7.157342e-001
1.558984061402885e-001	1.415222e-003	-6.006204e-001
1.568749686402885e-001	1.335534e-003	-4.714011e-001
1.578515311402885e-001	1.241469e-003	-3.311110e-001
1.588280936402885e-001	1.135225e-003	-1.830447e-001
1.598046561402885e-001	1.020635e-003	-3.067973e-002
1.600000000000000e-001	9.967375e-004	-9.797175e-016
1.601235894300170e-001	9.811884e-004	1.942392e-002
1.602471788600341e-001	9.655503e-004	3.882442e-002
1.603707682900511e-001	9.498233e-004	5.820152e-002
1.604943577200682e-001	9.340073e-004	7.755520e-002
1.606179471500852e-001	9.181025e-004	9.688548e-002
1.607415365801023e-001	9.021087e-004	1.161923e-001
1.608651260101193e-001	8.860259e-004	1.354758e-001
1.617581593108876e-001	7.692070e-004	2.726738e-001
1.627347218108876e-001	6.410845e-004	4.164791e-001
1.637112843108876e-001	5.148933e-004	5.505034e-001
1.646878468108876e-001	3.935526e-004	6.715993e-001
1.656644093108876e-001	2.799239e-004	7.769228e-001
1.666409718108876e-001	1.766874e-004	8.640003e-001
1.676175343108876e-001	8.627940e-005	9.307868e-001
1.685940968108876e-001	1.035565e-005	9.757141e-001
1.694636550771961e-001	-4.464928e-005	9.964532e-001
1.700936596936936e-001	-7.653251e-005	9.998918e-001
1.706556178558548e-001	-9.516922e-005	9.947018e-001
1.714048954054031e-001	-1.094921e-004	9.757487e-001
1.723814579054031e-001	-1.126310e-004	9.308447e-001
1.733580204054031e-001	-9.724487e-005	8.640800e-001
1.743345829054031e-001	-6.256311e-005	7.770224e-001
1.753111454054031e-001	-9.405056e-006	6.717166e-001
1.762877079054031e-001	6.097365e-005	5.506356e-001
1.772642704054031e-001	1.469113e-004	4.166230e-001
1.782408329054031e-001	2.463800e-004	2.728261e-001
1.792173954054031e-001	3.566588e-004	1.226218e-001
1.800000000000000e-001	4.504983e-004	1.102182e-015
1.802929687500000e-001	4.875962e-004	-4.600318e-002
1.806835937500000e-001	5.378145e-004	-1.071724e-001
1.814648437500000e-001	6.396850e-004	-2.280721e-001
1.824414062500000e-001	7.678778e-004	-3.741641e-001
1.834179687500000e-001	8.948570e-004	-5.114688e-001
1.843945312500000e-001	1.017796e-003	-6.367618e-001
1.853710937500000e-001	1.133807e-003	-7.471006e-001
1.863476562500000e-001	1.240168e-003	-8.398938e-001
1.873242187500000e-001	1.334387e-003	-9.129622e-001
1.883007812500000e-001	1.414259e-003	-9.645898e-001
1.892773437500000e-001	1.479669e-003	-9.935641e-001
1.900677062426859e-001	1.521184e-003	-9.999434e-001
1.904739436988013e-001	1.535722e-003	-9.972301e-001
1.910155936402885e-001	1.548909e-003	-9.873022e-001
1.919921561402885e-001	1.558826e-003	-9.514365e-001
1.929687186402885e-001	1.551299e-003	-8.932265e-001
1.939452811402885e-001	1.524358e-003	-8.140392e-001
1.949218436402885e-001	1.478631e-003	-7.157342e-001
1.958984061402885e-001	1.415183e-003	-6.006204e-001
1.968749686402885e-001	1.335496e-003	-4.714011e-001
1.978515311402885e-001	1.241430e-003	-3.311110e-001
1.988280936402885e-001	1.135186e-003	-1.830447e-001
1.998046561402885e-001	1.020596e-003	-3.067973e-002
2.000000000000000e-001	9.966987e-004	2.328067e-015
2.001706563001550e-001	9.751685e-004	2.683431e-002
2.003413126003101e-001	9.534983e-004	5.360705e-002
2.005119689004651e-001	9.316883e-004	8.031821e-002
2.006826252006201e-001	9.097383e-004	1.069678e-001
2.008532815007751e-001	8.876484e-004	1.335558e-001
2.010239378009301e-001	8.654185e-004	1.600823e-001
2.011945941010851e-001	8.430488e-004	1.865471e-001
2.021711566010851e-001	7.149167e-004	3.344716e-001
2.031477191010851e-001	5.872760e-004	4.745410e-001
2.041242816010851e-001	4.627779e-004	6.034660e-001
2.051008441010851e-001	3.443584e-004	7.182186e-001
2.060774066010851e-001	2.348103e-004	8.161039e-001
2.070539691010851e-001	1.367180e-004	8.948231e-001
2.080305316010851e-001	5.239675e-005	9.525276e-001
2.090070941010851e-001	-1.783985e-005	9.878621e-001
2.096173629501986e-001	-5.376129e-005	9.981943e-001
2.102520819664364e-001	-8.265537e-005	9.992161e-001
2.105881912550183e-001	-9.344804e-005	9.957348e-001
2.112604098321821e-001	-1.076262e-004	9.804649e-001
2.122369723321821e-001	-1.132902e-004	9.388977e-001
2.132135348321821e-001	-1.007969e-004	8.752804e-001
2.141900973321821e-001	-6.892661e-005	7.911074e-001
2.151666598321821e-001	-1.843163e-005	6.883553e-001
2.161432223321821e-001	4.949563e-005	5.694373e-001
2.171197848321821e-001	1.332515e-004	4.371462e-001
2.180963473321821e-001	2.308594e-004	2.945887e-001
2.190729098321821e-001	3.399192e-004	1.451128e-001
2.200000000000000e-001	4.504205e-004	-2.205602e-015
2.202929687500000e-001	4.875232e-004	-4.600318e-002
2.206835937500000e-001	5.377469e-004	-1.071724e-001
2.214648437500000e-001	6.396257e-004	-2.280721e-001
2.224414062500000e-001	7.678261e-004	-3.741641e-001
2.234179687500000e-001	8.948102e-004	-5.114688e-001
2.243945312500000e-001	1.017753e-003	-6.367618e-001
2.253710937500000e-001	1.133765e-003	-7.471006e-001
2.263476562500000e-001	1.240127e-003	-8.398938e-001
2.273242187500000e-001	1.334347e-003	-9.129622e-001
2.283007812500000e-001	1.414220e-003	-9.645898e-001
2.292773437500000e-001	1.479630e-003	-9.935641e-001
2.300677062426859e-001	1.521145e-003	-9.999434e-001
2.304739436988013e-001	1.535683e-003	-9.972301e-001
2.310155936402885e-001	1.548871e-003	-9.873022e-001
2.319921561402885e-001	1.558788e-003	-9.514365e-001
2.329687186402885e-001	1.551261e-003	-8.932265e-001
2.339452811402885e-001	1.524320e-003	-8.140392e-001
2.349218436402885e-001	1.478593e-003	-7.157342e-001
2.358984061402885e-001	1.415145e-003	-6.006204e-001
2.368749686402885e-001	1.335458e-003	-4.714011e-001
2.378515311402885e-001	1.241392e-003	-3.311110e-001
2.388280936402885e-001	1.135148e-003	-1.830447e-001
2.398046561402885e-001	1.020558e-003	-3.067973e-002
2.400000000000000e-001	9.966608e-004	-1.469576e-015
2.403430725960747e-001	9.532610e-004	5.386364e-002
2.407351555630173e-001	9.028029e-004	1.152215e-001
2.415193214969023e-001	8.004819e-004	2.363954e-001
2.424958839969023e-001	6.722640e-004	3.820860e-001
2.434724464969023e-001	5.453393e-004	5.188034e-001
2.444490089969023e-001	4.225441e-004	6.433367e-001
2.454255714969023e-001	3.067747e-004	7.527614e-001
2.464021339969023e-001	2.007619e-004	8.445075e-001
2.473786964969023e-001	1.070073e-004	9.164205e-001
2.483552589969023e-001	2.772401e-005	9.668115e-001
2.493318214969023e-001	-3.697885e-005	9.944971e-001
2.500642836998036e-001	-7.545624e-005	9.999490e-001
2.504499858986248e-001	-8.945540e-005	9.975030e-001
2.509642554970533e-001	-1.023856e-004	9.885511e-001
2.519408179970533e-001	-1.132318e-004	9.538881e-001
2.529173804970533e-001	-1.066938e-004	8.968232e-001
2.538939429970533e-001	-8.064094e-005	8.186964e-001
2.548705054970533e-001	-3.568773e-005	7.213427e-001
2.558470679970533e-001	2.710430e-005	6.070484e-001
2.568236304970533e-001	1.062525e-004	4.784976e-001
2.578001929970533e-001	1.998890e-004	3.387094e-001
2.587767554970533e-001	3.058052e-004	1.909666e-001
2.597533179970533e-001	4.202444e-004	3.873902e-002
2.600000000000000e-001	4.504178e-004	-1.960673e-015
2.602929687500000e-001	4.875165e-004	-4.600318e-002
2.606835937500000e-001	5.377354e-004	-1.071724e-001
2.614648437500000e-001	6.396067e-004	-2.280721e-001
2.624414062500000e-001	7.678004e-004	-3.741641e-001
2.634179687500000e-001	8.947801e-004	-5.114688e-001
2.643945312500000e-001	1.017720e-003	-6.367618e-001
2.653710937500000e-001	1.133731e-003	-7.471006e-001
2.663476562500000e-001	1.240091e-003	-8.398938e-001
2.673242187500000e-001	1.334311e-003	-9.129622e-001
2.683007812500000e-001	1.414184e-003	-9.645898e-001
2.692773437500000e-001	1.479593e-003	-9.935641e-001
2.700677062426860e-001	1.521108e-003	-9.999434e-001
2.704739436988013e-001	1.535646e-003	-9.972301e-001
2.710155936402885e-001	1.548834e-003	-9.873022e-001
2.719921561402885e-001	1.558750e-003	-9.514365e-001
2.729687186402885e-001	1.551223e-003	-8.932265e-001
2.739452811402885e-001	1.524282e-003	-8.140392e-001
2.749218436402885e-001	1.478555e-003	-7.157342e-001
2.758984061402885e-001	1.415108e-003	-6.006204e-001
2.768749686402885e-001	1.335420e-003	-4.714011e-001
2.778515311402885e-001	1.241355e-003	-3.311110e-001
2.788280936402885e-001	1.135111e-003	-1.830447e-001
2.798046561402885e-001	1.020521e-003	-3.067973e-002
2.800000000000000e-001	9.966233e-004	5.390922e-015
2.804165144023699e-001	9.438251e-004	6.537926e-002
2.808870581725220e-001	8.830380e-004	1.388883e-001
2.818281457128261e-001	7.598953e-004	2.832339e-001
2.828047082128261e-001	6.318363e-004	4.264483e-001
2.837812707128261e-001	5.058920e-004	5.596477e-001
2.847578332128261e-001	3.850088e-004	6.797038e-001
2.857343957128261e-001	2.720372e-004	7.837971e-001
2.867109582128261e-001	1.696416e-004	8.694831e-001
2.876875207128261e-001	8.023847e-005	9.347494e-001
2.886640832128261e-001	5.260553e-006	9.780632e-001
2.894897522847703e-001	-4.636083e-005	9.967898e-001
2.900920254954154e-001	-7.658749e-005	9.998955e-001
2.906441784679077e-001	-9.499452e-005	9.948849e-001
2.913803824312308e-001	-1.093140e-004	9.765843e-001
2.923569449312308e-001	-1.128809e-004	9.322448e-001
2.933335074312308e-001	-9.798477e-005	8.660117e-001
2.943100699312308e-001	-6.377857e-005	7.794405e-001
2.952866324312308e-001	-1.107026e-005	6.745641e-001
2.962631949312308e-001	5.889520e-005	5.538457e-001
2.972397574312308e-001	1.444659e-004	4.201203e-001
2.982163199312308e-001	2.436226e-004	2.765284e-001
2.991928824312308e-001	3.536975e-004	1.264424e-001
3.000000000000000e-001	4.503799e-004	-1.715743e-015
3.002929687500000e-001	4.874784e-004	-4.600318e-002
3.006835937500000e-001	5.376975e-004	-1.071724e-001
3.014648437500000e-001	6.395691e-004	-2.280721e-001
3.024414062500000e-001	7.677631e-004	-3.741641e-001
3.034179687500000e-001	8.947430e-004	-5.114688e-001
3.043945312500000e-001	1.017683e-003	-6.367618e-001
3.053710937500000e-001	1.133694e-003	-7.471006e-001
3.063476562500000e-001	1.240054e-003	-8.398938e-001
3.073242187500000e-001	1.334274e-003	-9.129622e-001
3.083007812500000e-001	1.414147e-003	-9.645898e-001
3.092773437500000e-001	1.479556e-003	-9.935641e-001
3.100677062426859e-001	1.521071e-003	-9.999434e-001
3.104739436988013e-001	1.535609e-003	-9.972301e-001
3.110155936402885e-001	1.548797e-003	-9.873022e-001
3.119921561402885e-001	1.558714e-003	-9.514365e-001
3.129687186402885e-001	1.551186e-003	-8.932265e-001
3.139452811402885e-001	1.524246e-003	-8.140392e-001
3.149218436402885e-001	1.478519e-003	-7.157342e-001
3.158984061402885e-001	1.415071e-003	-6.006204e-001
3.168749686402885e-001	1.335384e-003	-4.714011e-001
3.178515311402885e-001	1.241318e-003	-3.311110e-001
3.188280936402885e-001	1.135074e-003	-1.830447e-001
3.198046561402885e-001	1.020484e-003	-3.067973e-002
3.200000000000000e-001	9.965868e-004	-1.959435e-015
3.204885260535298e-001	9.345529e-004	7.666221e-002
3.209983947219028e-001	8.685285e-004	1.561854e-001
3.219749572219028e-001	7.405727e-004	3.052734e-001
3.229515197219028e-001	6.126587e-004	4.471922e-001
3.239280822219028e-001	4.872878e-004	5.786086e-001
3.249046447219028e-001	3.674158e-004	6.964365e-001
3.258812072219028e-001	2.558694e-004	7.979088e-001
3.268577697219028e-001	1.552796e-004	8.806422e-001
3.278343322219028e-001	6.802029e-005	9.426938e-001
3.288108947219028e-001	-4.949349e-006	9.826065e-001
3.295444144804386e-001	-4.966866e-005	9.974405e-001
3.300886008556085e-001	-7.649807e-005	9.999031e-001
3.306202059892598e-001	-9.441320e-005	9.952583e-001
3.313290128341282e-001	-1.086976e-004	9.782885e-001
3.323055753341282e-001	-1.131620e-004	9.351341e-001
3.332821378341282e-001	-9.929369e-005	8.700182e-001
3.342587003341282e-001	-6.608599e-005	7.844701e-001
3.352352628341282e-001	-1.432295e-005	6.804988e-001
3.362118253341282e-001	5.477293e-005	5.605461e-001
3.371883878341282e-001	1.395703e-004	4.274290e-001
3.381649503341282e-001	2.380683e-004	2.842738e-001
3.391415128341282e-001	3.477119e-004	1.344425e-001
3.400000000000000e-001	4.503308e-004	-1.470814e-015
3.402929687500000e-001	4.874309e-004	-4.600318e-002
3.406835937500000e-001	5.376517e-004	-1.071724e-001
3.414648437500000e-001	6.395261e-004	-2.280721e-001
3.424414062500000e-001	7.677226e-004	-3.741641e-001
3.434179687500000e-001	8.947040e-004	-5.114688e-001
3.443945312500000e-001	1.017645e-003	-6.367618e-001
3.453710937500000e-001	1.133656e-003	-7.471006e-001
3.463476562500000e-001	1.240018e-003	-8.398938e-001
3.473242187500000e-001	1.334237e-003	-9.129622e-001
3.483007812500000e-001	1.414110e-003	-9.645898e-001
3.492773437500000e-001	1.479520e-003	-9.935641e-001
3.500677062426859e-001	1.521035e-003	-9.999434e-001
3.504739436988013e-001	1.535573e-003	-9.972301e-001
3.510155936402885e-001	1.548761e-003	-9.873022e-001
3.519921561402885e-001	1.558678e-003	-9.514365e-001
3.529687186402885e-001	1.551150e-003	-8.932265e-001
3.539452811402885e-001	1.524210e-003	-8.140392e-001
3.549218436402885e-001	1.478483e-003	-7.157342e-001
3.558984061402885e-001	1.415035e-003	-6.006204e-001
3.568749686402885e-001	1.335348e-003	-4.714011e-001
3.578515311402885e-001	1.241282e-003	-3.311110e-001
3.588280936402885e-001	1.135038e-003	-1.830447e-001
3.598046561402885e-001	1.020449e-003	-3.067973e-002
3.600000000000000e-001	9.965509e-004	-2.204364e-015
3.605595828280003e-001	9.253784e-004	8.778592e-002
3.611055931709998e-001	8.545308e-004	1.727945e-001
3.620821556709998e-001	7.264514e-004	3.212643e-001
3.630587181709998e-001	5.986743e-004	4.621892e-001
3.640352806709998e-001	4.737673e-004	5.922596e-001
3.650118431709998e-001	3.546760e-004	7.084210e-001
3.659884056709998e-001	2.442090e-004	8.079451e-001
3.669649681709998e-001	1.449725e-004	8.884948e-001
3.679415306709998e-001	5.930870e-005	9.481784e-001
3.689180931709998e-001	-1.217430e-005	9.855940e-001
3.695842799443980e-001	-5.202515e-005	9.978687e-001
3.702583057042638e-001	-8.302168e-005	9.991770e-001
3.706027133099489e-001	-9.398661e-005	9.955218e-001
3.712915285213190e-001	-1.082213e-004	9.794918e-001
3.722680910213190e-001	-1.133409e-004	9.372040e-001
3.732446535213190e-001	-1.002236e-004	8.729060e-001
3.742212160213190e-001	-6.774603e-005	7.881081e-001
3.751977785213190e-001	-1.667501e-005	6.848015e-001
3.761743410213190e-001	5.178342e-005	5.654123e-001
3.771509035213190e-001	1.360130e-004	4.327447e-001
3.781274660213190e-001	2.340261e-004	2.899140e-001
3.791040285213190e-001	3.433520e-004	1.402747e-001
3.800000000000000e-001	4.502843e-004	-1.225885e-015
3.802929687500000e-001	4.873858e-004	-4.600318e-002
3.806835937500000e-001	5.376081e-004	-1.071724e-001
3.814648437500000e-001	6.394848e-004	-2.280721e-001
3.824414062500000e-001	7.676834e-004	-3.741641e-001
3.834179687500000e-001	8.946662e-004	-5.114688e-001
3.843945312500000e-001	1.017608e-003	-6.367618e-001
3.853710937500000e-001	1.133620e-003	-7.471006e-001
3.863476562500000e-001	1.239982e-003	-8.398938e-001
3.873242187500000e-001	1.334202e-003	-9.129622e-001
3.883007812500000e-001	1.414075e-003	-9.645898e-001
3.892773437500000e-001	1.479485e-003	-9.935641e-001
3.900677062426859e-001	1.521000e-003	-9.999434e-001
3.904739436988013e-001	1.535538e-003	-9.972301e-001
3.910155936402885e-001	1.548726e-003	-9.873022e-001
3.919921561402885e-001	1.558642e-003	-9.514365e-001
3.929687186402885e-001	1.551115e-003	-8.932265e-001
3.939452811402885e-001	1.524175e-003	-8.140392e-001
3.949218436402885e-001	1.478447e-003	-7.157342e-001
3.958984061402885e-001	1.415000e-003	-6.006204e-001
3.968749686402885e-001	1.335313e-003	-4.714011e-001
3.978515311402885e-001	1.241247e-003	-3.311110e-001
3.988280936402885e-001	1.135003e-003	-1.830447e-001
3.998046561402885e-001	1.020413e-003	-3.067973e-002
4.000000000000000e-001	9.965157e-004	4.656134e-015
4.002929687500000e-001	9.594601e-004	4.600318e-002
4.006835937500000e-001	9.093477e-004	1.071724e-001
4.012604151326156e-001	8.342895e-004	1.966946e-001
4.022369776326156e-001	7.060710e-004	3.441972e-001
4.032135401326156e-001	5.785559e-004	4.836164e-001
4.041901026326156e-001	4.543817e-004	6.116779e-001
4.051666651326156e-001	3.364776e-004	7.253742e-001
4.061432276326156e-001	2.276253e-004	8.220352e-001
4.071197901326156e-001	1.303931e-004	8.993908e-001
4.080963526326156e-001	4.707654e-005	9.556244e-001
4.090729151326156e-001	-2.208923e-005	9.894152e-001
4.100000000000000e-001	-7.295897e-005	1.000000e+000
4.105637961548129e-001	-9.295801e-005	9.960811e-001
4.112081346174563e-001	-1.070093e-004	9.820470e-001
4.121846971174563e-001	-1.135880e-004	9.416923e-001
4.131612596174563e-001	-1.021438e-004	8.792220e-001
4.141378221174563e-001	-7.129533e-005	7.961034e-001
4.151143846174563e-001	-2.177065e-005	6.942884e-001
4.160909471174563e-001	4.526079e-005	5.761681e-001
4.170675096174563e-001	1.282164e-004	4.445166e-001
4.180440721174563e-001	2.251387e-004	3.024256e-001
4.190206346174563e-001	3.337420e-004	1.532323e-001
4.200000000000000e-001	4.502218e-004	-9.809554e-016
4.202042100139002e-001	4.760538e-004	-3.212327e-002
4.204084200278004e-001	5.020629e-004	-6.414157e-002
4.206126300417007e-001	5.282492e-004	-9.605490e-002
4.208168400556009e-001	5.546125e-004	-1.278633e-001
4.210210500695012e-001	5.811530e-004	-1.595667e-001
4.212252600834014e-001	6.078706e-004	-1.911651e-001
4.214294700973016e-001	6.347653e-004	-2.226586e-001
4.224060325973016e-001	7.630030e-004	-3.690054e-001
4.233825950973016e-001	8.900796e-004	-5.066863e-001
4.243591575973016e-001	1.013221e-003	-6.324677e-001
4.253357200973016e-001	1.129534e-003	-7.433956e-001
4.263122825973016e-001	1.236291e-003	-8.368651e-001
4.272888450973016e-001	1.330992e-003	-9.106808e-001
4.282654075973016e-001	1.411420e-003	-9.631094e-001
4.292419700973016e-001	1.477441e-003	-9.929194e-001
4.300699282919264e-001	1.521055e-003	-9.999397e-001
4.304894980434846e-001	1.535971e-003	-9.970454e-001
4.310489243788956e-001	1.549338e-003	-9.864570e-001
4.320254868788956e-001	1.558674e-003	-9.498118e-001
4.330020493788956e-001	1.550479e-003	-8.908603e-001
4.339786118788956e-001	1.522884e-003	-8.109872e-001
4.349551743788956e-001	1.476533e-003	-7.120681e-001
4.359317368788956e-001	1.412504e-003	-5.964262e-001
4.369082993788956e-001	1.332293e-003	-4.667773e-001
4.378848618788956e-001	1.237774e-003	-3.261662e-001
4.388614243788956e-001	1.131157e-003	-1.778951e-001
4.398379868788956e-001	1.016330e-003	-2.544621e-002
4.400000000000000e-001	9.964884e-004	4.411204e-015
4.402929687500000e-001	9.594318e-004	4.600318e-002
4.406835937500000e-001	9.093070e-004	1.071724e-001
4.412950434364069e-001	8.297175e-004	2.020248e-001
4.422716059364069e-001	7.014942e-004	3.492991e-001
4.432481684364069e-001	5.740455e-004	4.883702e-001
4.442247309364069e-001	4.500436e-004	6.159720e-001
4.452012934364069e-001	3.324137e-004	7.291077e-001
4.461778559364069e-001	2.239307e-004	8.251204e-001
4.471544184364069e-001	1.271544e-004	9.017553e-001
4.481309809364069e-001	4.436933e-005	9.572126e-001
4.491075434364069e-001	-2.420604e-005	9.901899e-001
4.500000000000000e-001	-7.299102e-005	1.000000e+000
4.505485838766988e-001	-9.256409e-005	9.962896e-001
4.511755368786403e-001	-1.065161e-004	9.830000e-001
4.521520993786403e-001	-1.136653e-004	9.434028e-001
4.531286618786403e-001	-1.028759e-004	8.816500e-001
4.541052243786403e-001	-7.266579e-005	7.991917e-001
4.550817868786403e-001	-2.374797e-005	6.979644e-001
4.560583493786403e-001	4.272247e-005	5.803456e-001
4.570349118786403e-001	1.251762e-004	4.490975e-001
4.580114743786403e-001	2.216675e-004	3.073023e-001
4.589880368786403e-001	3.299208e-004	1.582902e-001
4.599645993786403e-001	4.458360e-004	5.560688e-003
4.604956086990359e-001	5.132311e-004	-7.777142e-002
4.610620186407912e-001	5.866931e-004	-1.660488e-001
4.620385811407912e-001	7.147297e-004	-3.147750e-001
4.630151436407912e-001	8.425219e-004	-4.561087e-001
4.639917061407912e-001	9.674940e-004	-5.867308e-001
4.649682686407912e-001	1.086709e-003	-7.035735e-001
4.659448311407912e-001	1.197371e-003	-8.038930e-001
4.669213936407912e-001	1.296885e-003	-8.853331e-001
4.678979561407912e-001	1.382924e-003	-9.459813e-001
4.688745186407912e-001	1.454757e-003	-9.844133e-001
4.695680785865299e-001	1.494930e-003	-9.976993e-001
4.704392546614514e-001	1.531234e-003	-9.976206e-001
4.713150275704823e-001	1.552781e-003	-9.787414e-001
4.722915900704823e-001	1.558347e-003	-9.359102e-001
4.732681525704823e-001	1.544829e-003	-8.710992e-001
4.742447150704823e-001	1.512041e-003	-7.858306e-001
4.752212775704823e-001	1.460748e-003	-6.821069e-001
4.761978400704823e-001	1.392145e-003	-5.623640e-001
4.771744025704823e-001	1.307835e-003	-4.294140e-001
4.781509650704823e-001	1.209788e-003	-2.863793e-001
4.791275275704823e-001	1.100295e-003	-1.366190e-001
4.801040900704823e-001	9.819212e-004	1.634970e-002
4.810806525704823e-001	8.574388e-004	1.689345e-001
4.820572150704823e-001	7.297674e-004	3.175519e-001
4.830337775704823e-001	6.019039e-004	4.587116e-001
4.840103400704823e-001	4.768532e-004	5.890985e-001
4.849869025704823e-001	3.575564e-004	7.056505e-001
4.859634650704823e-001	2.468223e-004	8.056304e-001
4.869400275704823e-001	1.472600e-004	8.866903e-001
4.879165900704823e-001	6.121748e-005	9.469262e-001
4.888931525704823e-001	-1.061634e-005	9.849238e-001
4.895750072919507e-001	-5.011796e-005	9.977725e-001
4.904418397888885e-001	-8.624873e-005	9.975925e-001
4.913192330937666e-001	-1.078388e-004	9.786057e-001
4.922957955937666e-001	-1.133410e-004	9.356773e-001
4.932723580937666e-001	-9.966843e-005	8.707746e-001
4.942489205937666e-001	-6.665100e-005	7.854219e-001
4.952254830937666e-001	-1.506824e-005	6.816236e-001
4.962020455937666e-001	5.386164e-005	5.618176e-001
4.971786080937666e-001	1.385113e-004	4.288173e-001
4.981551705937666e-001	2.368831e-004	2.857463e-001
4.991317330937666e-001	3.466577e-004	1.359646e-001
5.001082955937666e-001	4.652487e-004	-1.701021e-002
5.010848580937666e-001	5.898645e-004	-1.695856e-001
5.020614205937666e-001	7.175746e-004	-3.181782e-001
5.030379830937666e-001	8.453786e-004	-4.592985e-001
5.040145455937666e-001	9.702770e-004	-5.896322e-001
5.049911080937666e-001	1.089341e-003	-7.061185e-001
5.059676705937666e-001	1.199782e-003	-8.060216e-001
5.069442330937666e-001	1.299014e-003	-8.869955e-001
5.079207955937666e-001	1.384717e-003	-9.471384e-001
5.088973580937666e-001	1.456236e-003	-9.850379e-001
5.095765709426841e-001	1.495403e-003	-9.977889e-001
5.104424231492735e-001	1.531321e-003	-9.975861e-001
5.113201821066932e-001	1.552820e-003	-9.785750e-001
5.122967446066932e-001	1.558293e-003	-9.356247e-001
5.132733071066932e-001	1.544672e-003	-8.707013e-001
5.142498696066932e-001	1.511784e-003	-7.853296e-001
5.152264321066932e-001	1.460396e-003	-6.815146e-001
5.162029946066932e-001	1.391707e-003	-5.616943e-001
5.171795571066932e-001	1.307318e-003	-4.286826e-001
5.181561196066932e-001	1.209204e-003	-2.856035e-001
5.191326821066932e-001	1.099658e-003	-1.358169e-001
5.201092446066932e-001	9.812444e-004	1.715926e-002
5.210858071066932e-001	8.567373e-004	1.697325e-001
5.220623696066932e-001	7.290569e-004	3.183195e-001
5.230389321066932e-001	6.012006e-004	4.594309e-001
5.240154946066932e-001	4.761725e-004	5.897526e-001
5.249920571066932e-001	3.569137e-004	7.062240e-001
5.259686196066932e-001	2.462319e-004	8.061098e-001
5.269451821066932e-001	1.467352e-004	8.870643e-001
5.279217446066932e-001	6.076965e-005	9.471862e-001
5.288983071066932e-001	-1.099244e-005	9.850636e-001
5.295769237892577e-001	-5.026643e-005	9.977925e-001
5.304425547856020e-001	-8.630974e-005	9.975847e-001
5.313203962528582e-001	-1.078888e-004	9.785681e-001
5.322969587528582e-001	-1.133697e-004	9.356128e-001
5.332735212528582e-001	-9.967377e-005	8.706847e-001
5.342500837528582e-001	-6.663364e-005	7.853088e-001
5.352266462528582e-001	-1.502938e-005	6.814899e-001
5.362032087528582e-001	5.392030e-005	5.616664e-001
5.371797712528582e-001	1.385875e-004	4.286523e-001
5.381563337528582e-001	2.369745e-004	2.855712e-001
5.391328962528582e-001	3.467611e-004	1.357836e-001
5.401094587528582e-001	4.653610e-004	-1.719289e-002
5.410860212528582e-001	5.899823e-004	-1.697656e-001
5.420625837528582e-001	7.176943e-004	-3.183514e-001
5.430391462528582e-001	8.454967e-004	-4.594608e-001
5.440157087528582e-001	9.703898e-004	-5.897797e-001
5.449922712528582e-001	1.089445e-003	-7.062478e-001
5.459688337528582e-001	1.199874e-003	-8.061298e-001
5.469453962528582e-001	1.299091e-003	-8.870798e-001
5.479219587528582e-001	1.384777e-003	-9.471970e-001
5.488985212528582e-001	1.456280e-003	-9.850693e-001
5.495770034093648e-001	1.495396e-003	-9.977934e-001
5.504425844893303e-001	1.531294e-003	-9.975844e-001
5.513204445749089e-001	1.552791e-003	-9.785665e-001
5.522970070749089e-001	1.558259e-003	-9.356101e-001
5.532735695749089e-001	1.544633e-003	-8.706810e-001
5.542501320749089e-001	1.511740e-003	-7.853041e-001
5.552266945749089e-001	1.460347e-003	-6.814844e-001
5.562032570749089e-001	1.391653e-003	-5.616602e-001
5.571798195749089e-001	1.307261e-003	-4.286454e-001
5.581563820749089e-001	1.209143e-003	-2.855639e-001
5.591329445749089e-001	1.099595e-003	-1.357761e-001
5.601095070749089e-001	9.811788e-004	1.720048e-002
5.610860695749089e-001	8.566706e-004	1.697731e-001
5.620626320749089e-001	7.289897e-004	3.183586e-001
5.630391945749089e-001	6.011337e-004	4.594675e-001
5.640157570749089e-001	4.761068e-004	5.897859e-001
5.649923195749089e-001	3.568500e-004	7.062532e-001
5.659688820749089e-001	2.461709e-004	8.061342e-001
5.669454445749089e-001	1.466774e-004	8.870834e-001
5.679220070749089e-001	6.071587e-005	9.471995e-001
5.688985695749089e-001	-1.104257e-005	9.850706e-001
5.695770213756181e-001	-5.030496e-005	9.977936e-001
5.704425911919620e-001	-8.634380e-005	9.975843e-001
5.713204554787551e-001	-1.079223e-004	9.785662e-001
5.722970179787551e-001	-1.134021e-004	9.356095e-001
5.732735804787551e-001	-9.970496e-005	8.706802e-001
5.742501429787551e-001	-6.666366e-005	7.853030e-001
5.752267054787551e-001	-1.505830e-005	6.814831e-001
5.762032679787551e-001	5.389241e-005	5.616587e-001
5.771798304787551e-001	1.385605e-004	4.286439e-001
5.781563929787551e-001	2.369483e-004	2.855623e-001
5.791329554787551e-001	3.467356e-004	1.357744e-001
5.801095179787551e-001	4.653359e-004	-1.720219e-002
5.810860804787551e-001	5.899575e-004	-1.697748e-001
5.820626429787551e-001	7.176696e-004	-3.183602e-001
5.830392054787551e-001	8.454719e-004	-4.594690e-001
5.840157679787551e-001	9.703648e-004	-5.897872e-001
5.849923304787551e-001	1.089420e-003	-7.062544e-001
5.859688929787551e-001	1.199848e-003	-8.061352e-001
5.869454554787551e-001	1.299065e-003	-8.870841e-001
5.879220179787551e-001	1.384749e-003	-9.472000e-001
5.888985804787551e-001	1.456252e-003	-9.850709e-001
5.895770254296933e-001	1.496825e-003	-9.977936e-001
5.902596701824141e-001	1.528164e-003	-9.991683e-001
5.906058970922995e-001	1.539123e-003	-9.954743e-001
5.912983509120703e-001	1.553316e-003	-9.792753e-001
5.922749134120703e-001	1.558307e-003	-9.368297e-001
5.932514759120703e-001	1.545123e-003	-8.723827e-001
5.942280384120703e-001	1.512659e-003	-7.874479e-001
5.952046009120703e-001	1.461674e-003	-6.840201e-001
5.961811634120703e-001	1.393354e-003	-5.645281e-001
5.971577259120703e-001	1.309297e-003	-4.317783e-001
5.981342884120703e-001	1.211466e-003	-2.888882e-001
5.991108509120703e-001	1.102323e-003	-1.392136e-001
6.000000000000000e-001	9.963627e-004	3.431487e-015
6.002929687500000e-001	9.593056e-004	4.600318e-002
6.006835937500000e-001	9.091424e-004	1.071724e-001
6.014170849919910e-001	8.135731e-004	2.207615e-001
6.023936474919910e-001	6.853569e-004	3.671966e-001
6.033702099919910e-001	5.581726e-004	5.050081e-001
6.043467724919910e-001	4.348076e-004	6.309596e-001
6.053233349919910e-001	3.181717e-004	7.420930e-001
6.062998974919910e-001	2.110161e-004	8.357985e-001
6.072764599919910e-001	1.158692e-004	9.098754e-001
6.082530224919910e-001	3.497709e-005	9.625840e-001
6.092295849919910e-001	-3.150134e-005	9.926865e-001
6.100707062120219e-001	-7.602814e-005	9.999383e-001
6.104949434841531e-001	-9.113508e-005	9.969794e-001
6.110605931803281e-001	-1.046125e-004	9.861547e-001
6.120371556803281e-001	-1.137731e-004	9.492368e-001
6.130137181803281e-001	-1.052951e-004	8.900262e-001
6.139902806803281e-001	-7.734259e-005	8.099135e-001
6.149668431803281e-001	-3.057499e-005	7.107800e-001
6.159434056803281e-001	3.390333e-005	5.949540e-001
6.169199681803281e-001	1.145700e-004	4.651555e-001
6.178965306803281e-001	2.095214e-004	3.244329e-001
6.188730931803281e-001	3.165180e-004	1.760911e-001
6.198496556803281e-001	4.316423e-004	2.361383e-002
6.200000000000000e-001	4.500907e-004	-6.861736e-015
6.202929687500001e-001	4.871917e-004	-4.600318e-002
6.206835937500000e-001	5.374131e-004	-1.071724e-001
6.214648437500000e-001	6.392886e-004	-2.280721e-001
6.224414062500000e-001	7.674860e-004	-3.741641e-001
6.234179687500000e-001	8.944682e-004	-5.114688e-001
6.243945312500000e-001	1.017409e-003	-6.367618e-001
6.253710937500000e-001	1.133421e-003	-7.471006e-001
6.263476562500000e-001	1.239783e-003	-8.398938e-001
6.273242187500000e-001	1.334003e-003	-9.129622e-001
6.283007812500000e-001	1.413876e-003	-9.645898e-001
6.292773437500000e-001	1.479286e-003	-9.935641e-001
6.300677062426859e-001	1.520801e-003	-9.999434e-001
6.304739436988014e-001	1.535339e-003	-9.972301e-001
6.310155936402886e-001	1.548527e-003	-9.873022e-001
6.319921561402886e-001	1.558444e-003	-9.514365e-001
6.329687186402886e-001	1.550917e-003	-8.932265e-001
6.339452811402886e-001	1.523976e-003	-8.140392e-001
6.349218436402886e-001	1.478249e-003	-7.157342e-001
6.358984061402886e-001	1.414802e-003	-6.006204e-001
6.368749686402886e-001	1.335114e-003	-4.714011e-001
6.378515311402886e-001	1.241049e-003	-3.311110e-001
6.388280936402886e-001	1.134805e-003	-1.830447e-001
6.398046561402886e-001	1.020215e-003	-3.067973e-002
6.400000000000000e-001	9.963178e-004	-3.918870e-015
6.402929687500001e-001	9.592621e-004	4.600318e-002
6.406835937500001e-001	9.090931e-004	1.071724e-001
6.414438668920591e-001	8.100181e-004	2.248627e-001
6.424204293920591e-001	6.818105e-004	3.711064e-001
6.433969918920591e-001	5.546920e-004	5.086346e-001
6.443735543920591e-001	4.314739e-004	6.342177e-001
6.453501168920591e-001	3.150625e-004	7.449063e-001
6.463266793920591e-001	2.082038e-004	8.381009e-001
6.473032418920591e-001	1.134194e-004	9.116127e-001
6.482798043920591e-001	3.294691e-005	9.637155e-001
6.492563668920591e-001	-3.306793e-005	9.931855e-001
6.500690239687008e-001	-7.599135e-005	9.999412e-001
6.504831677809054e-001	-9.081324e-005	9.971213e-001
6.510353595305116e-001	-1.041604e-004	9.868042e-001
6.520119220305116e-001	-1.137626e-004	9.504762e-001
6.529884845305116e-001	-1.057925e-004	8.918263e-001
6.539650470305116e-001	-7.833682e-005	8.122320e-001
6.549416095305116e-001	-3.204336e-005	7.135625e-001
6.559181720305116e-001	3.199476e-005	5.981351e-001
6.568947345305116e-001	1.122656e-004	4.686606e-001
6.578712970305116e-001	2.068747e-004	3.281797e-001
6.588478595305116e-001	3.135907e-004	1.799915e-001
6.598244220305116e-001	4.285375e-004	2.757623e-002
6.600000000000000e-001	4.500646e-004	4.886207e-016
6.602929687500001e-001	4.871649e-004	-4.600318e-002
6.606835937500001e-001	5.373857e-004	-1.071724e-001
6.614648437500000e-001	6.392600e-004	-2.280721e-001
6.624414062500000e-001	7.674565e-004	-3.741641e-001
6.634179687500000e-001	8.944381e-004	-5.114688e-001
6.643945312500000e-001	1.017379e-003	-6.367618e-001
6.653710937500000e-001	1.133391e-003	-7.471006e-001
6.663476562500000e-001	1.239752e-003	-8.398938e-001
6.673242187500000e-001	1.333972e-003	-9.129622e-001
6.683007812500000e-001	1.413845e-003	-9.645898e-001
6.692773437500000e-001	1.479255e-003	-9.935641e-001
6.700677062426860e-001	1.520770e-003	-9.999434e-001
6.704739436988013e-001	1.535308e-003	-9.972301e-001
6.710155936402885e-001	1.548496e-003	-9.873022e-001
6.719921561402885e-001	1.558413e-003	-9.514365e-001
6.729687186402885e-001	1.550886e-003	-8.932265e-001
6.739452811402885e-001	1.523945e-003	-8.140392e-001
6.749218436402885e-001	1.478218e-003	-7.157342e-001
6.758984061402885e-001	1.414770e-003	-6.006204e-001
6.768749686402885e-001	1.335083e-003	-4.714011e-001
6.778515311402885e-001	1.241018e-003	-3.311110e-001
6.788280936402885e-001	1.134774e-003	-1.830447e-001
6.798046561402885e-001	1.020184e-003	-3.067973e-002
6.800000000000001e-001	9.962867e-004	2.941628e-015
6.802929687500001e-001	9.592311e-004	4.600318e-002
6.806835937500001e-001	9.090562e-004	1.071724e-001
6.814648437500001e-001	8.072329e-004	2.280721e-001
6.824414062500001e-001	6.790311e-004	3.741641e-001
6.834179687500001e-001	5.519642e-004	5.114688e-001
6.843945312500001e-001	4.288616e-004	6.367618e-001
6.853710937500001e-001	3.126269e-004	7.471006e-001
6.863476562500001e-001	2.060018e-004	8.398938e-001
6.873242187500001e-001	1.115023e-004	9.129622e-001
6.883007812500001e-001	3.135929e-005	9.645898e-001
6.892773437500001e-001	-3.429173e-005	9.935641e-001
6.900677062426859e-001	-7.596857e-005	9.999434e-001
6.904739436988012e-001	-9.056463e-005	9.972301e-001
6.910155936402884e-001	-1.038034e-004	9.873022e-001
6.919921561402884e-001	-1.137513e-004	9.514365e-001
6.929687186402884e-001	-1.061792e-004	8.932265e-001
6.939452811402884e-001	-7.911304e-005	8.140392e-001
6.949218436402884e-001	-3.319150e-005	7.157342e-001
6.958984061402884e-001	3.050109e-005	6.006204e-001
6.968749686402884e-001	1.104609e-004	4.714011e-001
6.978515311402884e-001	2.048009e-004	3.311110e-001
6.988280936402884e-001	3.112960e-004	1.830447e-001
6.998046561402884e-001	4.261028e-004	3.067973e-002
7.000000000000000e-001	4.500378e-004	7.838977e-015
7.002929687500000e-001	4.871376e-004	-4.600318e-002
7.006835937500000e-001	5.373579e-004	-1.071724e-001
7.014648437500000e-001	6.392314e-004	-2.280721e-001
7.024414062500000e-001	7.674271e-004	-3.741641e-001
7.034179687500000e-001	8.944082e-004	-5.114688e-001
7.043945312500000e-001	1.017349e-003	-6.367618e-001
7.053710937500000e-001	1.133360e-003	-7.471006e-001
7.063476562500000e-001	1.239722e-003	-8.398938e-001
7.073242187500000e-001	1.333941e-003	-9.129622e-001
7.083007812500000e-001	1.413814e-003	-9.645898e-001
7.092773437500000e-001	1.479224e-003	-9.935641e-001
7.100677062426859e-001	1.520739e-003	-9.999434e-001
7.104739436988014e-001	1.535277e-003	-9.972301e-001
7.110155936402886e-001	1.548465e-003	-9.873022e-001
7.119921561402886e-001	1.558382e-003	-9.514365e-001
7.129687186402886e-001	1.550855e-003	-8.932265e-001
7.139452811402886e-001	1.523915e-003	-8.140392e-001
7.149218436402886e-001	1.478188e-003	-7.157342e-001
7.158984061402886e-001	1.414740e-003	-6.006204e-001
7.168749686402886e-001	1.335053e-003	-4.714011e-001
7.178515311402886e-001	1.240988e-003	-3.311110e-001
7.188280936402886e-001	1.134743e-003	-1.830447e-001
7.198046561402886e-001	1.020154e-003	-3.067973e-002
7.200000000000000e-001	9.962564e-004	-4.408729e-015
7.202929687500000e-001	9.592007e-004	4.600318e-002
7.206835937500000e-001	9.090257e-004	1.071724e-001
7.214648437500000e-001	8.072024e-004	2.280721e-001
7.224414062500000e-001	6.790007e-004	3.741641e-001
7.234179687500000e-001	5.519338e-004	5.114688e-001
7.243945312500000e-001	4.288312e-004	6.367618e-001
7.253710937500000e-001	3.125965e-004	7.471006e-001
7.263476562500000e-001	2.059714e-004	8.398938e-001
7.273242187500000e-001	1.114719e-004	9.129622e-001
7.283007812500000e-001	3.132890e-005	9.645898e-001
7.292773437500000e-001	-3.432211e-005	9.935641e-001
7.300677062426859e-001	-7.599894e-005	9.999434e-001
7.304739436988014e-001	-9.059500e-005	9.972301e-001
7.310155936402886e-001	-1.038337e-004	9.873022e-001
7.319921561402886e-001	-1.137816e-004	9.514365e-001
7.329687186402886e-001	-1.062095e-004	8.932265e-001
7.339452811402886e-001	-7.914335e-005	8.140392e-001
7.349218436402886e-001	-3.322181e-005	7.157342e-001
7.358984061402886e-001	3.047080e-005	6.006204e-001
7.368749686402886e-001	1.104306e-004	4.714011e-001
7.378515311402886e-001	2.047706e-004	3.311110e-001
7.388280936402886e-001	3.112658e-004	1.830447e-001
7.398046561402886e-001	4.260726e-004	3.067973e-002
7.400000000000000e-001	4.500075e-004	9.784794e-016
7.400976562500000e-001	4.623206e-004	-1.533921e-002
7.406835937500000e-001	5.373277e-004	-1.071724e-001
7.414648437500000e-001	6.392012e-004	-2.280721e-001
7.424414062500000e-001	7.673969e-004	-3.741641e-001
7.434179687500000e-001	8.943781e-004	-5.114688e-001
7.443945312500000e-001	1.017319e-003	-6.367618e-001
7.453710937500000e-001	1.133330e-003	-7.471006e-001
7.463476562500000e-001	1.239691e-003	-8.398938e-001
7.473242187500000e-001	1.333911e-003	-9.129622e-001
7.483007812500000e-001	1.413784e-003	-9.645898e-001
7.492773437500000e-001	1.479194e-003	-9.935641e-001
7.500677062426859e-001	1.520709e-003	-9.999434e-001
7.504739436988013e-001	1.535247e-003	-9.972301e-001
7.510155936402885e-001	1.548435e-003	-9.873022e-001
7.519921561402885e-001	1.558352e-003	-9.514365e-001
7.529687186402885e-001	1.550825e-003	-8.932265e-001
7.539452811402885e-001	1.523884e-003	-8.140392e-001
7.549218436402885e-001	1.478157e-003	-7.157342e-001
7.558984061402885e-001	1.414710e-003	-6.006204e-001
7.568749686402885e-001	1.335023e-003	-4.714011e-001
7.578515311402885e-001	1.240958e-003	-3.311110e-001
7.588280936402885e-001	1.134713e-003	-1.830447e-001
7.598046561402885e-001	1.020124e-003	-3.067973e-002
7.600000000000000e-001	9.962264e-004	2.451769e-015
7.602929687500001e-001	9.591707e-004	4.600318e-002
7.606835937500001e-001	9.089958e-004	1.071724e-001
7.614648437500000e-001	8.071725e-004	2.280721e-001
7.624414062500000e-001	6.789708e-004	3.741641e-001
7.634179687500000e-001	5.519039e-004	5.114688e-001
7.643945312500000e-001	4.288013e-004	6.367618e-001
7.653710937500000e-001	3.125666e-004	7.471006e-001
7.663476562500000e-001	2.059415e-004	8.398938e-001
7.673242187500000e-001	1.114421e-004	9.129622e-001
7.683007812500000e-001	3.129905e-005	9.645898e-001
7.692773437500000e-001	-3.435194e-005	9.935641e-001
7.700677062426860e-001	-7.602877e-005	9.999434e-001
7.704739436988013e-001	-9.062482e-005	9.972301e-001
7.710155936402885e-001	-1.038635e-004	9.873022e-001
7.719921561402885e-001	-1.138114e-004	9.514365e-001
7.729687186402885e-001	-1.062393e-004	8.932265e-001
7.739452811402885e-001	-7.917312e-005	8.140392e-001
7.749218436402885e-001	-3.325156e-005	7.157342e-001
7.758984061402885e-001	3.044106e-005	6.006204e-001
7.768749686402885e-001	1.104009e-004	4.714011e-001
7.778515311402885e-001	2.047409e-004	3.311110e-001
7.788280936402885e-001	3.112361e-004	1.830447e-001
7.798046561402885e-001	4.260429e-004	3.067973e-002
7.800000000000000e-001	4.499779e-004	-5.882019e-015
7.802929687500001e-001	4.870778e-004	-4.600318e-002
7.806835937500001e-001	5.372980e-004	-1.071724e-001
7.814648437500000e-001	6.391716e-004	-2.280721e-001
7.824414062500000e-001	7.673673e-004	-3.741641e-001
7.834179687500000e-001	8.943484e-004	-5.114688e-001
7.843945312500000e-001	1.017289e-003	-6.367618e-001
7.853710937500000e-001	1.133300e-003	-7.471006e-001
7.863476562500000e-001	1.239662e-003	-8.398938e-001
7.873242187500000e-001	1.333882e-003	-9.129622e-001
7.883007812500000e-001	1.413755e-003	-9.645898e-001
7.892773437500000e-001	1.479165e-003	-9.935641e-001
7.900677062426860e-001	1.520680e-003	-9.999434e-001
7.904739436988013e-001	1.535218e-003	-9.972301e-001
7.910155936402885e-001	1.548406e-003	-9.873022e-001
7.919921561402885e-001	1.558323e-003	-9.514365e-001
7.929687186402885e-001	1.550796e-003	-8.932265e-001
7.939452811402885e-001	1.523855e-003	-8.140392e-001
7.949218436402885e-001	1.478128e-003	-7.157342e-001
7.958984061402885e-001	1.414681e-003	-6.006204e-001
7.968749686402885e-001	1.334993e-003	-4.714011e-001
7.978515311402885e-001	1.240928e-003	-3.311110e-001
7.988280936402885e-001	1.134684e-003	-1.830447e-001
7.998046561402885e-001	1.020095e-003	-3.067973e-002
8.000000000000000e-001	9.961970e-004	9.312268e-015
8.002929687500001e-001	9.591414e-004	4.600318e-002
8.006835937500001e-001	9.089664e-004	1.071724e-001
8.014648437500000e-001	8.071431e-004	2.280721e-001
8.024414062500000e-001	6.789414e-004	3.741641e-001
8.034179687500000e-001	5.518745e-004	5.114688e-001
8.043945312500000e-001	4.287720e-004	6.367618e-001
8.053710937500000e-001	3.125373e-004	7.471006e-001
8.063476562500000e-001	2.059122e-004	8.398938e-001
8.073242187500000e-001	1.114127e-004	9.129622e-001
8.083007812500000e-001	3.126974e-005	9.645898e-001
8.092773437500000e-001	-3.438124e-005	9.935641e-001
8.100677062426860e-001	-7.605805e-005	9.999434e-001
8.104739436988013e-001	-9.065410e-005	9.972301e-001
8.110155936402885e-001	-1.038928e-004	9.873022e-001
8.119921561402885e-001	-1.138407e-004	9.514365e-001
8.129687186402885e-001	-1.062685e-004	8.932265e-001
8.139452811402885e-001	-7.920236e-005	8.140392e-001
8.149218436402885e-001	-3.328078e-005	7.157342e-001
8.158984061402885e-001	3.041185e-005	6.006204e-001
8.168749686402885e-001	1.103717e-004	4.714011e-001
8.178515311402885e-001	2.047117e-004	3.311110e-001
8.188280936402885e-001	3.112069e-004	1.830447e-001
8.198046561402885e-001	4.260138e-004	3.067973e-002
8.200000000000000e-001	4.499487e-004	1.567919e-014
8.202929687500000e-001	4.870486e-004	-4.600318e-002
8.206835937500000e-001	5.372689e-004	-1.071724e-001
8.214648437500000e-001	6.391425e-004	-2.280721e-001
8.224414062500000e-001	7.673382e-004	-3.741641e-001
8.234179687500000e-001	8.943193e-004	-5.114688e-001
8.243945312500000e-001	1.017260e-003	-6.367618e-001
8.253710937500000e-001	1.133271e-003	-7.471006e-001
8.263476562500000e-001	1.239633e-003	-8.398938e-001
8.273242187500000e-001	1.333853e-003	-9.129622e-001
8.283007812500000e-001	1.413726e-003	-9.645898e-001
8.292773437500000e-001	1.479029e-003	-9.935641e-001
8.299004880231845e-001	1.511484e-003	-9.998778e-001
8.305630106960660e-001	1.535658e-003	-9.960920e-001
8.315162998050717e-001	1.554974e-003	-9.717690e-001
8.324928623050717e-001	1.556882e-003	-9.243080e-001
8.334694248050717e-001	1.539350e-003	-8.551397e-001
8.344459873050717e-001	1.502671e-003	-7.658886e-001
8.354225498050717e-001	1.447698e-003	-6.586508e-001
8.363991123050717e-001	1.375715e-003	-5.359445e-001
8.373756748050717e-001	1.288400e-003	-4.006517e-001
8.383522373050717e-001	1.187797e-003	-2.559496e-001
8.393287998050717e-001	1.076256e-003	-1.052367e-001
8.403053623050717e-001	9.563908e-004	4.794781e-002
8.412819248050717e-001	8.310087e-004	2.000062e-001
8.422584873050717e-001	7.030513e-004	3.473675e-001
8.432350498050717e-001	5.755229e-004	4.865710e-001
8.442116123050717e-001	4.514208e-004	6.143473e-001
8.451881748050717e-001	3.336647e-004	7.276958e-001
8.461647373050717e-001	2.250275e-004	8.239545e-001
8.471412998050717e-001	1.280694e-004	9.008627e-001
8.481178623050717e-001	4.507709e-005	9.566143e-001
8.490944248050717e-001	-2.352246e-005	9.898999e-001
8.497390265200050e-001	-5.899815e-005	9.991599e-001
8.505029550714890e-001	-8.887525e-005	9.968808e-001
8.514186424230326e-001	-1.094407e-004	9.752738e-001
8.523952049230326e-001	-1.131274e-004	9.300535e-001
8.533717674230326e-001	-9.746221e-005	8.629910e-001
8.543483299230326e-001	-6.251106e-005	7.756613e-001
8.553248924230326e-001	-9.099120e-006	6.701154e-001
8.563014549230326e-001	6.151228e-005	5.488318e-001
8.572780174230326e-001	1.476562e-004	4.146590e-001
8.582545799230326e-001	2.473000e-004	2.707480e-001
8.592311424230326e-001	3.580945e-004	1.204785e-001
8.602077049230326e-001	4.774294e-004	-3.262043e-002
8.611842674230326e-001	6.024961e-004	-1.849533e-001
8.621608299230326e-001	7.303536e-004	-3.329425e-001
8.631373924230326e-001	8.579985e-004	-4.731126e-001
8.641139549230326e-001	9.824352e-004	-6.021717e-001
8.650905174230326e-001	1.100746e-003	-7.170889e-001
8.660670799230326e-001	1.210160e-003	-8.151654e-001
8.670436424230326e-001	1.308116e-003	-8.940978e-001
8.680202049230326e-001	1.392324e-003	-9.520325e-001
8.689967674230326e-001	1.462456e-003	-9.876088e-001
8.696135246775906e-001	1.497319e-003	-9.981579e-001
8.704562051582294e-001	1.531576e-003	-9.974335e-001
8.713426020469047e-001	1.552860e-003	-9.778439e-001
8.723191645469047e-001	1.557925e-003	-9.343757e-001
8.732957270469047e-001	1.543856e-003	-8.689639e-001
8.742722895469047e-001	1.510533e-003	-7.831445e-001
8.752488520469047e-001	1.458733e-003	-6.789331e-001
8.762254145469047e-001	1.389663e-003	-5.587771e-001
8.772019770469047e-001	1.304937e-003	-4.254983e-001
8.781785395469047e-001	1.206533e-003	-2.822267e-001
8.791551020469047e-001	1.096754e-003	-1.323270e-001
8.801316645469047e-001	9.781686e-004	2.068034e-002
8.811082270469047e-001	8.535556e-004	1.732020e-001
8.820847895469047e-001	7.258375e-004	3.216560e-001
8.830613520469047e-001	5.980125e-004	4.625561e-001
8.840379145469047e-001	4.730844e-004	5.925930e-001
8.850144770469047e-001	3.539918e-004	7.087129e-001
8.859910395469047e-001	2.435385e-004	8.081889e-001
8.869676020469047e-001	1.443272e-004	8.886846e-001
8.879441645469047e-001	5.869764e-005	9.483097e-001
8.889207270469047e-001	-1.275201e-005	9.856639e-001
8.895852591282142e-001	-5.104009e-005	9.978787e-001
8.904456642113032e-001	-8.670409e-005	9.975507e-001
8.913254546363569e-001	-1.082349e-004	9.784042e-001
8.923020171363569e-001	-1.136232e-004	9.353320e-001
8.932785796363569e-001	-9.982561e-005	8.702937e-001
8.942551421363569e-001	-6.668673e-005	7.848166e-001
8.952317046363569e-001	-1.498893e-005	6.809083e-001
8.962082671363569e-001	5.404687e-005	5.610089e-001
8.971848296363569e-001	1.387908e-004	4.279342e-001
8.981613921363569e-001	2.372431e-004	2.848096e-001
8.991379546363569e-001	3.470825e-004	1.349963e-001
9.001145171363569e-001	4.657210e-004	-1.798734e-002
9.010910796363569e-001	5.903661e-004	-1.705486e-001
9.020676421363569e-001	7.180865e-004	-3.191045e-001
9.030442046363569e-001	8.458816e-004	-4.601663e-001
9.040207671363569e-001	9.707522e-004	-5.904212e-001
9.049973296363569e-001	1.089770e-003	-7.068101e-001
9.059738921363569e-001	1.200147e-003	-8.065997e-001
9.069504546363569e-001	1.299301e-003	-8.874463e-001
9.079270171363569e-001	1.384910e-003	-9.474515e-001
9.089035796363569e-001	1.456344e-003	-9.852058e-001
9.095788841041581e-001	1.495237e-003	-9.978130e-001
9.104432861046481e-001	1.531050e-003	-9.975767e-001
9.113215859615507e-001	1.552536e-003	-9.785296e-001
9.122981484615507e-001	1.557984e-003	-9.355468e-001
9.132747109615507e-001	1.544335e-003	-8.705928e-001
9.142512734615507e-001	1.511420e-003	-7.851931e-001
9.152278359615507e-001	1.460007e-003	-6.813532e-001
9.162043984615507e-001	1.391293e-003	-5.615118e-001
9.171809609615507e-001	1.306884e-003	-4.284834e-001
9.181575234615507e-001	1.208751e-003	-2.853921e-001
9.191340859615507e-001	1.099191e-003	-1.355984e-001
9.201106484615507e-001	9.807664e-004	1.737974e-002
9.210872109615507e-001	8.562529e-004	1.699498e-001
9.220637734615507e-001	7.285702e-004	3.185286e-001
9.230403359615507e-001	6.007157e-004	4.596267e-001
9.240168984615507e-001	4.756940e-004	5.899307e-001
9.249934609615507e-001	3.564457e-004	7.063801e-001
9.259700234615507e-001	2.457783e-004	8.062403e-001
9.269465859615507e-001	1.462994e-004	8.871661e-001
9.279231484615507e-001	6.035503e-005	9.472569e-001
9.288997109615507e-001	-1.138742e-005	9.851015e-001
9.295774457445715e-001	-5.059939e-005	9.977980e-001
9.304427495097638e-001	-8.661879e-005	9.975826e-001
9.313207130301817e-001	-1.081947e-004	9.785578e-001
9.322972755301817e-001	-1.136697e-004	9.355952e-001
9.332738380301817e-001	-9.996728e-005	8.706602e-001
9.342504005301817e-001	-6.692083e-005	7.852780e-001
9.352269630301817e-001	-1.531057e-005	6.814535e-001
9.362035255301817e-001	5.364465e-005	5.616252e-001
9.371800880301817e-001	1.383168e-004	4.286073e-001
9.381566505301817e-001	2.367080e-004	2.855235e-001
9.391332130301817e-001	3.464982e-004	1.357343e-001
9.401097755301817e-001	4.651006e-004	-1.724265e-002
9.410863380301817e-001	5.897235e-004	-1.698146e-001
9.420629005301817e-001	7.174362e-004	-3.183986e-001
9.430394630301817e-001	8.452383e-004	-4.595050e-001
9.440160255301817e-001	9.701301e-004	-5.898199e-001
9.449925880301817e-001	1.089183e-003	-7.062830e-001
9.459691505301817e-001	1.199609e-003	-8.061592e-001
9.469457130301817e-001	1.298823e-003	-8.871028e-001
9.479222755301817e-001	1.384503e-003	-9.472129e-001
9.488988380301817e-001	1.456003e-003	-9.850779e-001
9.495771211878437e-001	1.495104e-003	-9.977946e-001
9.504426284286566e-001	1.530998e-003	-9.975839e-001
9.513205160554316e-001	1.552493e-003	-9.785642e-001
9.522970785554316e-001	1.557961e-003	-9.356061e-001
9.532736410554316e-001	1.544333e-003	-8.706755e-001
9.542502035554316e-001	1.511439e-003	-7.852972e-001
9.552267660554316e-001	1.460045e-003	-6.814762e-001
9.562033285554316e-001	1.391350e-003	-5.616509e-001
9.571798910554316e-001	1.306957e-003	-4.286352e-001
9.581564535554316e-001	1.208838e-003	-2.855532e-001
9.591330160554316e-001	1.099289e-003	-1.357650e-001
9.601095785554316e-001	9.808727e-004	1.721171e-002
9.610861410554316e-001	8.563642e-004	1.697842e-001
9.620627035554316e-001	7.286834e-004	3.183692e-001
9.630392660554316e-001	6.008275e-004	4.594775e-001
9.640158285554316e-001	4.758011e-004	5.897949e-001
9.649923910554316e-001	3.565449e-004	7.062612e-001
9.659689535554316e-001	2.458666e-004	8.061409e-001
9.669455160554316e-001	1.463741e-004	8.870885e-001
9.679220785554316e-001	6.041376e-005	9.472030e-001
9.688986410554316e-001	-1.134357e-005	9.850726e-001
9.695770479522378e-001	-5.060273e-005	9.977939e-001
9.704426011068407e-001	-8.664026e-005	9.975842e-001
9.713204716082865e-001	-1.082185e-004	9.785656e-001
9.722970341082865e-001	-1.136978e-004	9.356086e-001
9.732735966082865e-001	-1.000003e-004	8.706789e-001
9.742501591082865e-001	-6.695851e-005	7.853014e-001
9.752267216082865e-001	-1.535269e-005	6.814813e-001
9.762032841082865e-001	5.359843e-005	5.616567e-001
9.771798466082865e-001	1.382670e-004	4.286416e-001
9.781564091082865e-001	2.366550e-004	2.855599e-001
9.791329716082865e-001	3.464427e-004	1.357719e-001
9.801095341082865e-001	4.650433e-004	-1.720473e-002
9.810860966082865e-001	5.896651e-004	-1.697773e-001
9.820626591082865e-001	7.173774e-004	-3.183626e-001
9.830392216082865e-001	8.451799e-004	-4.594713e-001
9.840157841082865e-001	9.700729e-004	-5.897893e-001
9.849923466082865e-001	1.089128e-003	-7.062562e-001
9.859689091082865e-001	1.199556e-003	-8.061368e-001
9.869454716082865e-001	1.298773e-003	-8.870853e-001
9.879220341082865e-001	1.384457e-003	-9.472008e-001
9.888985966082865e-001	1.455960e-003	-9.850714e-001
9.895770314266901e-001	1.495072e-003	-9.977937e-001
9.904425949416930e-001	1.530969e-003	-9.975843e-001
9.913204615788201e-001	1.552466e-003	-9.785660e-001
9.922970240788201e-001	1.557934e-003	-9.356092e-001
9.932735865788201e-001	1.544307e-003	-8.706797e-001
9.942501490788201e-001	1.511415e-003	-7.853025e-001
9.952267115788201e-001	1.460022e-003	-6.814824e-001
9.962032740788201e-001	1.391327e-003	-5.616580e-001
9.971798365788201e-001	1.306935e-003	-4.286430e-001
9.981563990788201e-001	1.208817e-003	-2.855614e-001
9.991329615788201e-001	1.099486e-003	-1.357734e-001
1.000000000000000e+000	9.960653e-004	9.821934e-016
